0.0005758373
0.0006627863
0.001005178
0.0003240115
0.001461158
0.0003811567
0.00110853
0.002150089
0.0008373021
0.0001433517
1.251112e-05
0.003411376
0.0004808145
0.001161088
0.000431327
0.001588896
4.216568e-05
0.0004091607
0.001509292
0.0002103137
0.0004002648
0.001327495
0.0007251431
0.0001123168
0.0002532065
0.0009810407
0.001563598
0.003255797
0.0001227273
9.491899e-06
0.000723325
0.0004328564
0.0001377616
0.001796516
0.00119389
0.0005113452
1.555037e-05
4.088175e-05
0.003028453
0.004202889
0.001192167
0.0006773353
0.000995163
0.001744768
0.001088104
0.0004688758
0.0004368947
0.0005367097
0.0005607309
0.001372592
0.0009193762
0.0007459724
0.003024884
0.001090725
0.0004652085
0.0003304123
0.00125193
0.0006311758
0.000386828
0.0005160918
0.00136444
0.0001195021
0.0009987053
0.001929481
0.001615369
0.002475302
0.002953431
0.001615369
0.002475302
0.002953431
0.002470461
0.003004991
0.0001892239
0.001775381
0.002704581
0.002174451
0.01163351
0.001398746
0.000484355
0.001425569
0.001600665
0.0004826709
0.00247322
0.00106496
0.0004590609
0.001506593
0.0008794953
0.001042109
0.0006137644
0.0001065943
0.0004790787
0.0001720017
0.0002517939
0.0006021018
0.0001933282
0
3.126258e-05
0.0002969999
0.0008190235
0.0004789936
0.001647801
0.001491033
0.0031549
0.001348058
0.000373694
0.001948511
0.0002353726
0.0008312298
0.001105565
6.345479e-05
0.0001958119
0.001035542
0.0005279743
0.0007998227
0.003064835
0.0001181691
0.0006892811
0.0009855279
0.00146773
0.00102167
0.0003367434
0.0006173497
0.0002068928
0.001334322
0.0005758373
0.0006627863
0.001005178
0.0003240115
0.001461158
0.0003811567
0.00110853
0.002150089
0.0008373021
0.0001433517
1.251112e-05
0.003411376
0.0004808145
0.001161088
0.000431327
0.001588896
4.216568e-05
0.0004091607
0.001509292
0.0002103137
0.0004002648
0.001327495
0.0007251431
0.0001123168
0.0002532065
0.0009810407
0.001563598
0.003255797
0.0001227273
9.491899e-06
0.000723325
0.0004328564
0.0001377616
0.001796516
0.00119389
0.0005113452
1.555037e-05
4.088175e-05
0.003028453
0.004202889
0.001192167
0.0006773353
0.000995163
0.001744768
0.001088104
0.0004688758
0.0004368947
0.0005367097
0.0005607309
0.001372592
0.0009193762
0.0007459724
0.003024884
0.001090725
0.0004652085
0.0003304123
0.00125193
0.0006311758
0.000386828
0.0005160918
0.00136444
0.0001195021
0.0009987053
0.001929481
0.001615369
0.002475302
0.002953431
0.001615369
0.002475302
0.002953431
0.002470461
0.003004991
0.0001892239
0.001775381
0.002704581
0.002174451
0.01163351
0.001398746
0.000484355
0.001425569
0.001600665
0.0004826709
0.00247322
0.00106496
0.0004590609
0.001506593
0.0008794953
0.001042109
0.0006137644
0.0001065943
0.0004790787
0.0001720017
0.0002517939
0.0006021018
0.0001933282
0
3.126258e-05
0.0002969999
0.0008190235
0.0004789936
0.001647801
0.001491033
0.0031549
0.001348058
0.000373694
0.001948511
0.0002353726
0.0008312298
0.001105565
6.345479e-05
0.0001958119
0.001035542
0.0005279743
0.0007998227
0.003064835
0.0001181691
0.0006892811
0.0009855279
0.00146773
0.00102167
0.0003367434
0.0006173497
0.0002068928
0.001334322
0.0001181691
0.0006892811
0.0009855279
0.00146773
0.00102167
0.0003367434
0.0006173497
0.0002068928
0.001334322
0.0001607797
0.0009169167
0.0006087903
0.001054494
0.001038742
0.0005491638
0.00136616
0.0008848863
0.002033584
0.0002819441
0.0001792192
0.0003728382
0.001294904
0.002552819
0.002880347
0.001411168
0.002246386
0.001648532
0.000175396
0.0003149401
0.001497894
0.0002694254
0.000389713
0.004148715
0.0001807269
0.0006307255
0.001397291
0.0008934131
0.0003765029
0.000456719
9.662419e-05
0.002423115
0.0009194604
0.002428383
0.001553565
0.0003748515
0.000420504
0.0001222086
0.0009371681
0.001207611
0.0003234985
0.0003353595
0.0004747473
0.001278807
0.0008797987
0.0002037771
0.0002922164
0.0005758373
0.0006627863
0.001005178
0.0003240115
0.001461158
0.0003811567
0.00110853
0.002150089
0.0008373021
0.0001433517
1.251112e-05
0.003411376
0.0004808145
0.001161088
0.000431327
0.001588896
4.216568e-05
0.0004091607
0.001509292
0.0002103137
0.0004002648
0.001327495
0.0007251431
0.0001123168
0.0002532065
0.0009810407
0.001563598
0.003255797
0.0001227273
9.491899e-06
0.000723325
0.0004328564
0.0001377616
0.001796516
0.00119389
0.0005113452
1.555037e-05
4.088175e-05
0.003028453
0.004202889
0.001192167
0.0006773353
0.000995163
0.001744768
0.001088104
0.0004688758
0.0004368947
0.0005367097
0.0005607309
0.001372592
0.0009193762
0.0007459724
0.003024884
0.001090725
0.0004652085
0.0003304123
0.00125193
0.0006311758
0.000386828
0.0005160918
0.00136444
0.0001195021
0.0009987053
0.001929481
0.001615369
0.002475302
0.002953431
0.001615369
0.002475302
0.002953431
0.002470461
0.003004991
0.0001892239
0.001775381
0.002704581
0.002174451
0.01163351
0.001398746
0.000484355
0.001425569
0.001600665
0.0004826709
0.00247322
0.00106496
0.0004590609
0.001506593
0.0008794953
0.001042109
0.0006137644
0.0001065943
0.0004790787
0.0001720017
0.0002517939
0.0006021018
0.0001933282
0
3.126258e-05
0.0002969999
0.0008190235
0.0004789936
0.001647801
0.001491033
0.0031549
0.001348058
0.000373694
0.001948511
0.0002353726
0.0008312298
0.001105565
6.345479e-05
0.0001958119
0.001035542
0.0005279743
0.0007998227
0.003064835
0.0001181691
0.0006892811
0.0009855279
0.00146773
0.00102167
0.0003367434
0.0006173497
0.0002068928
0.001334322
0.0001181691
0.0006892811
0.0009855279
0.00146773
0.00102167
0.0003367434
0.0006173497
0.0002068928
0.001334322
0.0001607797
0.0009169167
0.0006087903
0.001054494
0.001038742
0.0005491638
0.00136616
0.0008848863
0.002033584
0.0002819441
0.0001792192
0.0003728382
0.001294904
0.002552819
0.002880347
0.001411168
0.002246386
0.001648532
0.000175396
0.0003149401
0.001497894
0.0002694254
0.000389713
0.004148715
0.0001807269
0.0006307255
0.001397291
0.0008934131
0.0003765029
0.000456719
9.662419e-05
0.002423115
0.0009194604
0.002428383
0.001553565
0.0003748515
0.000420504
0.0001222086
0.0009371681
0.001207611
0.0003234985
0.0003353595
0.0004747473
0.001278807
0.0008797987
0.0002037771
0.0002922164
0.001207611
0.0003234985
0.0003353595
0.0004747473
0.001278807
0.0008797987
0.0002037771
0.0002922164
0.002359578
0.0001626343
0.0002802663
0.002063235
0.000280478
0.0009467089
0.006115508
0.001786279
0.0003161627
0.0003967782
0.0002707835
0.0005249657
0.000523303
0.000178576
0.0006853469
0.002394085
0.001015835
0.002935686
0.002389116
0.0006283021
0.002258535
9.817061e-05
0.0003372903
0.002311399
0.0005758373
0.0006627863
0.001005178
0.0003240115
0.001461158
0.0003811567
0.00110853
0.002150089
0.0008373021
0.0001433517
1.251112e-05
0.003411376
0.0004808145
0.001161088
0.000431327
0.001588896
4.216568e-05
0.0004091607
0.001509292
0.0002103137
0.0004002648
0.001327495
0.0007251431
0.0001123168
0.0002532065
0.0009810407
0.001563598
0.003255797
0.0001227273
9.491899e-06
0.000723325
0.0004328564
0.0001377616
0.001796516
0.00119389
0.0005113452
1.555037e-05
4.088175e-05
0.003028453
0.004202889
0.001192167
0.0006773353
0.000995163
0.001744768
0.001088104
0.0004688758
0.0004368947
0.0005367097
0.0005607309
0.001372592
0.0009193762
0.0007459724
0.003024884
0.001090725
0.0004652085
0.0003304123
0.00125193
0.0006311758
0.000386828
0.0005160918
0.00136444
0.0001195021
0.0009987053
0.001929481
0.001615369
0.002475302
0.002953431
0.001615369
0.002475302
0.002953431
0.002470461
0.003004991
0.0001892239
0.001775381
0.002704581
0.002174451
0.01163351
0.001398746
0.000484355
0.001425569
0.001600665
0.0004826709
0.00247322
0.00106496
0.0004590609
0.001506593
0.0008794953
0.001042109
0.0006137644
0.0001065943
0.0004790787
0.0001720017
0.0002517939
0.0006021018
0.0001933282
0
3.126258e-05
0.0002969999
0.0008190235
0.0004789936
0.001647801
0.001491033
0.0031549
0.001348058
0.000373694
0.001948511
0.0002353726
0.0008312298
0.001105565
6.345479e-05
0.0001958119
0.001035542
0.0005279743
0.0007998227
0.003064835
0.0001181691
0.0006892811
0.0009855279
0.00146773
0.00102167
0.0003367434
0.0006173497
0.0002068928
0.001334322
0.0001181691
0.0006892811
0.0009855279
0.00146773
0.00102167
0.0003367434
0.0006173497
0.0002068928
0.001334322
0.0001607797
0.0009169167
0.0006087903
0.001054494
0.001038742
0.0005491638
0.00136616
0.0008848863
0.002033584
0.0002819441
0.0001792192
0.0003728382
0.001294904
0.002552819
0.002880347
0.001411168
0.002246386
0.001648532
0.000175396
0.0003149401
0.001497894
0.0002694254
0.000389713
0.004148715
0.0001807269
0.0006307255
0.001397291
0.0008934131
0.0003765029
0.000456719
9.662419e-05
0.002423115
0.0009194604
0.002428383
0.001553565
0.0003748515
0.000420504
0.0001222086
0.0009371681
0.001207611
0.0003234985
0.0003353595
0.0004747473
0.001278807
0.0008797987
0.0002037771
0.0002922164
0.001207611
0.0003234985
0.0003353595
0.0004747473
0.001278807
0.0008797987
0.0002037771
0.0002922164
0.002359578
0.0001626343
0.0002802663
0.002063235
0.000280478
0.0009467089
0.006115508
0.001786279
0.0003161627
0.0003967782
0.0002707835
0.0005249657
0.000523303
0.000178576
0.0006853469
0.002394085
0.001015835
0.002935686
0.002389116
0.0006283021
0.002258535
9.817061e-05
0.0003372903
0.002311399
