0.001692559
0.001218604
0.0004446887
0.004087578
5.694791e-05
0.002938597
0.0009312212
0.001902123
0.001023878
0.002020079
0.0004557524
0.003874142
0.0003128351
0.004312343
0.004537156
0.001748881
0.0003934856
0.001536131
0.002054195
0.001333701
0.001262632
0.001946917
0.00121161
0.001004774
0.0005168839
0.0002494373
0.001130674
0.002039032
0.0009595155
0.001168203
0.00115367
0.001614103
0.0006615372
0.005402534
0.001840348
0.005141505
0.0004368365
0.001210035
0.001455774
0.002951476
0.002779257
0.00210768
0.0008840769
0.001272986
0.002880181
0.006412146
0.007666619
0.003845435
0.001050718
0.001259951
0.001655967
0.0006933483
0.00401271
0.000935649
0.00140606
0.0004924059
0.006408551
0.002333021
0.001010223
0.002399615
0.0009501018
0.005524658
0.0008724183
0.003560175
0.001692559
0.001218604
0.0004446887
0.004087578
5.694791e-05
0.002938597
0.0009312212
0.001902123
0.001023878
0.002020079
0.0004557524
0.003874142
0.0003128351
0.004312343
0.004537156
0.001748881
0.0003934856
0.001536131
0.002054195
0.001333701
0.001262632
0.001946917
0.00121161
0.001004774
0.0005168839
0.0002494373
0.001130674
0.002039032
0.0009595155
0.001168203
0.00115367
0.001614103
0.0006615372
0.005402534
0.001840348
0.005141505
0.0004368365
0.001210035
0.001455774
0.002951476
0.002779257
0.00210768
0.0008840769
0.001272986
0.002880181
0.006412146
0.007666619
0.003845435
0.001050718
0.001259951
0.001655967
0.0006933483
0.00401271
0.000935649
0.00140606
0.0004924059
0.006408551
0.002333021
0.001010223
0.002399615
0.0009501018
0.005524658
0.0008724183
0.003560175
0.001692559
0.001218604
0.0004446887
0.004087578
5.694791e-05
0.002938597
0.0009312212
0.001902123
0.001023878
0.002020079
0.0004557524
0.003874142
0.0003128351
0.004312343
0.004537156
0.001748881
0.0003934856
0.001536131
0.002054195
0.001333701
0.001262632
0.001946917
0.00121161
0.001004774
0.0005168839
0.0002494373
0.001130674
0.002039032
0.0009595155
0.001168203
0.00115367
0.001614103
0.0006615372
0.005402534
0.001840348
0.005141505
0.0004368365
0.001210035
0.001455774
0.002951476
0.002779257
0.00210768
0.0008840769
0.001272986
0.002880181
0.006412146
0.007666619
0.003845435
0.001050718
0.001259951
0.001655967
0.0006933483
0.00401271
0.000935649
0.00140606
0.0004924059
0.006408551
0.002333021
0.001010223
0.002399615
0.0009501018
0.005524658
0.0008724183
0.003560175
0.001198671
0.002801615
0.002915978
0.006254536
0.001743936
0.003656986
0.0004479204
0.005922937
0.00271167
0.00611272
0.002187617
0.0008935721
0.0003779742
0.002841805
0.002834653
0.002066434
0.001692559
0.001218604
0.0004446887
0.004087578
5.694791e-05
0.002938597
0.0009312212
0.001902123
0.001023878
0.002020079
0.0004557524
0.003874142
0.0003128351
0.004312343
0.004537156
0.001748881
0.0003934856
0.001536131
0.002054195
0.001333701
0.001262632
0.001946917
0.00121161
0.001004774
0.0005168839
0.0002494373
0.001130674
0.002039032
0.0009595155
0.001168203
0.00115367
0.001614103
0.0006615372
0.005402534
0.001840348
0.005141505
0.0004368365
0.001210035
0.001455774
0.002951476
0.002779257
0.00210768
0.0008840769
0.001272986
0.002880181
0.006412146
0.007666619
0.003845435
0.001050718
0.001259951
0.001655967
0.0006933483
0.00401271
0.000935649
0.00140606
0.0004924059
0.006408551
0.002333021
0.001010223
0.002399615
0.0009501018
0.005524658
0.0008724183
0.003560175
0.001198671
0.002801615
0.002915978
0.006254536
0.001743936
0.003656986
0.0004479204
0.005922937
0.00271167
0.00611272
0.002187617
0.0008935721
0.0003779742
0.002841805
0.002834653
0.002066434
0.001692559
0.001218604
0.0004446887
0.004087578
5.694791e-05
0.002938597
0.0009312212
0.001902123
0.001023878
0.002020079
0.0004557524
0.003874142
0.0003128351
0.004312343
0.004537156
0.001748881
0.0003934856
0.001536131
0.002054195
0.001333701
0.001262632
0.001946917
0.00121161
0.001004774
0.0005168839
0.0002494373
0.001130674
0.002039032
0.0009595155
0.001168203
0.00115367
0.001614103
0.0006615372
0.005402534
0.001840348
0.005141505
0.0004368365
0.001210035
0.001455774
0.002951476
0.002779257
0.00210768
0.0008840769
0.001272986
0.002880181
0.006412146
0.007666619
0.003845435
0.001050718
0.001259951
0.001655967
0.0006933483
0.00401271
0.000935649
0.00140606
0.0004924059
0.006408551
0.002333021
0.001010223
0.002399615
0.0009501018
0.005524658
0.0008724183
0.003560175
0.001198671
0.002801615
0.002915978
0.006254536
0.001743936
0.003656986
0.0004479204
0.005922937
0.00271167
0.00611272
0.002187617
0.0008935721
0.0003779742
0.002841805
0.002834653
0.002066434
0.001692559
0.001218604
0.0004446887
0.004087578
5.694791e-05
0.002938597
0.0009312212
0.001902123
0.001023878
0.002020079
0.0004557524
0.003874142
0.0003128351
0.004312343
0.004537156
0.001748881
0.0003934856
0.001536131
0.002054195
0.001333701
0.001262632
0.001946917
0.00121161
0.001004774
0.0005168839
0.0002494373
0.001130674
0.002039032
0.0009595155
0.001168203
0.00115367
0.001614103
0.0006615372
0.005402534
0.001840348
0.005141505
0.0004368365
0.001210035
0.001455774
0.002951476
0.002779257
0.00210768
0.0008840769
0.001272986
0.002880181
0.006412146
0.007666619
0.003845435
0.001050718
0.001259951
0.001655967
0.0006933483
0.00401271
0.000935649
0.00140606
0.0004924059
0.006408551
0.002333021
0.001010223
0.002399615
0.0009501018
0.005524658
0.0008724183
0.003560175
0.001198671
0.002801615
0.002915978
0.006254536
0.001743936
0.003656986
0.0004479204
0.005922937
0.00271167
0.00611272
0.002187617
0.0008935721
0.0003779742
0.002841805
0.002834653
0.002066434
0.001692559
0.001218604
0.0004446887
0.004087578
5.694791e-05
0.002938597
0.0009312212
0.001902123
0.001023878
0.002020079
0.0004557524
0.003874142
0.0003128351
0.004312343
0.004537156
0.001748881
0.0003934856
0.001536131
0.002054195
0.001333701
0.001262632
0.001946917
0.00121161
0.001004774
0.0005168839
0.0002494373
0.001130674
0.002039032
0.0009595155
0.001168203
0.00115367
0.001614103
0.0006615372
0.005402534
0.001840348
0.005141505
0.0004368365
0.001210035
0.001455774
0.002951476
0.002779257
0.00210768
0.0008840769
0.001272986
0.002880181
0.006412146
0.007666619
0.003845435
0.001050718
0.001259951
0.001655967
0.0006933483
0.00401271
0.000935649
0.00140606
0.0004924059
0.006408551
0.002333021
0.001010223
0.002399615
0.0009501018
0.005524658
0.0008724183
0.003560175
0.001198671
0.002801615
0.002915978
0.006254536
0.001743936
0.003656986
0.0004479204
0.005922937
0.00271167
0.00611272
0.002187617
0.0008935721
0.0003779742
0.002841805
0.002834653
0.002066434
0.000600859
0.002092477
0.0009240916
0.0005263838
0.0009750166
0.002701465
0.001998281
0.001532289
0.0002948775
0.001238364
0.000306199
0.0002905599
0.001692559
0.001218604
0.0004446887
0.004087578
5.694791e-05
0.002938597
0.0009312212
0.001902123
0.001023878
0.002020079
0.0004557524
0.003874142
0.0003128351
0.004312343
0.004537156
0.001748881
0.0003934856
0.001536131
0.002054195
0.001333701
0.001262632
0.001946917
0.00121161
0.001004774
0.0005168839
0.0002494373
0.001130674
0.002039032
0.0009595155
0.001168203
0.00115367
0.001614103
0.0006615372
0.005402534
0.001840348
0.005141505
0.0004368365
0.001210035
0.001455774
0.002951476
0.002779257
0.00210768
0.0008840769
0.001272986
0.002880181
0.006412146
0.007666619
0.003845435
0.001050718
0.001259951
0.001655967
0.0006933483
0.00401271
0.000935649
0.00140606
0.0004924059
0.006408551
0.002333021
0.001010223
0.002399615
0.0009501018
0.005524658
0.0008724183
0.003560175
0.001198671
0.002801615
0.002915978
0.006254536
0.001743936
0.003656986
0.0004479204
0.005922937
0.00271167
0.00611272
0.002187617
0.0008935721
0.0003779742
0.002841805
0.002834653
0.002066434
0.000600859
0.002092477
0.0009240916
0.0005263838
0.0009750166
0.002701465
0.001998281
0.001532289
0.0002948775
0.001238364
0.000306199
0.0002905599
0.002925791
0.002333238
0.001399503
