0.001868528
0.002290034
0.002141864
0.0005567366
0.002529215
0.0007689735
0.002079252
0.001008998
0.002214816
0.001319583
8.232215e-05
0.0006066504
0.0002198057
0.000235359
0.001421966
0.0004793596
0.0001247611
0.0001868808
0.005316342
0.0009666786
0.004449805
0.003074135
0.002699307
0.008019198
0
0.0002642641
7.74234e-05
0
0
0
0.001202754
0.001301452
0.003769907
0.007490088
0.001440301
0.002427081
0
0.0004228177
0.002450888
0.001120533
0.001593089
0
0.001551018
0.0008334804
0.005068209
0.003165019
0
0.0007950119
0.003439084
0.0003382703
0.001548057
0.0007528562
2.189199e-05
4.31056e-05
0.0009923719
0.002241987
0.002120748
0
0.003803101
0.002962264
5.170069e-05
0.001218452
0.001186575
0
6.749335e-05
0.0002102927
0.004722709
0.00142843
0.004742515
0.004468844
0.001828677
0.006053677
0.0001522265
0
5.651119e-05
0.0001736617
0.0003531559
0.001141455
0.004834304
0.001435237
0.00203671
0.002115971
0.005757181
0.009694655
0.00574543
0.000254483
0.01119816
0.003437131
0.0005348576
0.006052877
0.0003930823
0.0005110843
0.002531876
0.001866054
0.005128819
6.23708e-05
0.001141691
0.0005820846
0.0002942459
0
0.0003428917
0
0.00292246
0.002823711
0.001200365
0.0004877321
0.0006100039
0.001172516
0.005484917
0.005193774
0.0002904497
0.0001100778
0.001100968
0.0001449839
0.000157495
0.000177732
0.0005523632
9.81844e-05
0.003098491
0.003917942
0.002517089
8.40992e-05
0.001208406
0.0006525754
0.0005746262
0.002538995
0.001996193
1.212082e-05
0.002707425
0.003702331
0.002796069
0.0004673608
0.0002802064
0.0001101819
0.001986072
0.002326609
0.002511396
5.519484e-05
0.0004189743
1.021763e-05
0.0003287755
0
0.004689354
0.0005813239
0
2.073891e-05
0.0002975885
0.002471884
0.0001802565
0.0001308357
0.0006371263
0
0
0.0001153832
0
0.0007441144
0.001257203
0.0004860144
0.0002689775
0
0.002995127
0.001776723
0.00378123
0.002003096
0.001940833
0.000950626
0.0007552433
0.002803167
0.0008798429
6.636455e-05
0.00135285
0.001143952
0.001663103
0.0006509812
0.00375579
0.002042182
0.0006547821
0.0002849969
0.0001123754
0.000159091
0.0005017443
0.0009833429
0.001478718
0
0.003255409
0.0007028043
0.001678933
0.003281262
0.0005863361
0.0009745597
0.0005413782
0.002622148
0.0006679552
0.0001230812
0.0008708949
0.001888491
0
0.0004188007
0.00360158
0.003413209
0.006115003
0.009008687
0.005427356
0.004849369
0.004199821
0.002395524
0.001419821
0.0003780754
0.001971808
0.0006770387
0.005777153
0.007111967
0.006650271
0.0009636698
0.006934663
0.003411304
0.0002442375
0.0002000196
0.001146058
0.0006576583
4.51376e-05
0.0003279082
3.750936e-05
0.0008751132
0.0002834395
0.0008104251
0.003136103
0.00211762
0.001193597
0.002662797
0.0002019872
0.0001878858
0.001905104
0.00258327
0.0006835573
0
0.0001893449
0.0002278141
0.01066637
0.005941767
0.003895224
0.001362791
0.004053576
0.002742103
0.001903682
0.002718165
0.005923609
0.004639037
0.001255212
0.0004834675
0.0001727994
0.0001719528
0.003048765
4.717438e-05
0.0006167009
0.0009938709
0.0004438143
0.0001541351
0.00274345
0.0002436492
0.0009365768
0.00208121
0.0003269793
0.001306053
0.0008790298
0.0003330043
0.005166498
0.00303152
0.002719682
0.005151352
0.01734988
0.01519763
0.002168576
0.001916983
0.0005634079
0.0012764
0.004515642
0.006673499
0.01096891
0.006566791
0.009056854
0.008218026
0.001573868
0.001390498
0.003300283
0.001920386
0.0046425
0.01024507
0.0007299814
0.0003094312
0.001115649
0.000594315
0.0005492516
0.003005679
0.00129948
0.0006238428
0.002668884
0.001265778
0.001371466
0.0003302577
0.0002737109
0
0.000330822
0.0003947794
0.001756295
0.007180195
0.0001393784
0.0001126355
0.000103789
3.051896e-05
0.0005043749
0.003269393
7.658427e-05
0.0001637565
0.00810574
0.01267625
0.0003475531
0.002706382
0.001446097
0.0005227442
0.001093495
0
0.0008855338
0.001666024
0.002645808
0.004017025
0.000753974
0.0004499689
0.0002861708
0.0002834129
9.877399e-05
5.28544e-05
0.001892356
0.0003984867
0.0003724243
0.0001395397
0.008167732
0.006529758
0.009256155
0.007484843
0.002050908
0.004961907
0.001756062
0.0003401907
0.004102374
0.00635649
0.0006678517
0.0007751562
0.000165768
0.0003741652
0.0007228818
0.0005378056
0.002213357
0.002047361
0.0007694212
0.0009248874
0.002139017
0.003347331
0.005706783
0.001510251
0.000363342
0.0005332232
0.0001689618
7.620475e-05
0.002739523
0.001819356
0.002963059
0.001118949
0.003867262
0.003829304
0.009963869
0.01140551
0.0001577095
0.0008617576
0
0.003834818
0.0003802246
0
0.000352469
0.0004064619
4.992432e-05
0.002106295
0.006660371
0.01178553
0.001868528
0.002290034
0.002141864
0.0005567366
0.002529215
0.0007689735
0.002079252
0.001008998
0.002214816
0.001319583
8.232215e-05
0.0006066504
0.0002198057
0.000235359
0.001421966
0.0004793596
0.0001247611
0.0001868808
0.005316342
0.0009666786
0.004449805
0.003074135
0.002699307
0.008019198
0
0.0002642641
7.74234e-05
0
0
0
0.001202754
0.001301452
0.003769907
0.007490088
0.001440301
0.002427081
0
0.0004228177
0.002450888
0.001120533
0.001593089
0
0.001551018
0.0008334804
0.005068209
0.003165019
0
0.0007950119
0.003439084
0.0003382703
0.001548057
0.0007528562
2.189199e-05
4.31056e-05
0.0009923719
0.002241987
0.002120748
0
0.003803101
0.002962264
5.170069e-05
0.001218452
0.001186575
0
6.749335e-05
0.0002102927
0.004722709
0.00142843
0.004742515
0.004468844
0.001828677
0.006053677
0.0001522265
0
5.651119e-05
0.0001736617
0.0003531559
0.001141455
0.004834304
0.001435237
0.00203671
0.002115971
0.005757181
0.009694655
0.00574543
0.000254483
0.01119816
0.003437131
0.0005348576
0.006052877
0.0003930823
0.0005110843
0.002531876
0.001866054
0.005128819
6.23708e-05
0.001141691
0.0005820846
0.0002942459
0
0.0003428917
0
0.00292246
0.002823711
0.001200365
0.0004877321
0.0006100039
0.001172516
0.005484917
0.005193774
0.0002904497
0.0001100778
0.001100968
0.0001449839
0.000157495
0.000177732
0.0005523632
9.81844e-05
0.003098491
0.003917942
0.002517089
8.40992e-05
0.001208406
0.0006525754
0.0005746262
0.002538995
0.001996193
1.212082e-05
0.002707425
0.003702331
0.002796069
0.0004673608
0.0002802064
0.0001101819
0.001986072
0.002326609
0.002511396
5.519484e-05
0.0004189743
1.021763e-05
0.0003287755
0
0.004689354
0.0005813239
0
2.073891e-05
0.0002975885
0.002471884
0.0001802565
0.0001308357
0.0006371263
0
0
0.0001153832
0
0.0007441144
0.001257203
0.0004860144
0.0002689775
0
0.002995127
0.001776723
0.00378123
0.002003096
0.001940833
0.000950626
0.0007552433
0.002803167
0.0008798429
6.636455e-05
0.00135285
0.001143952
0.001663103
0.0006509812
0.00375579
0.002042182
0.0006547821
0.0002849969
0.0001123754
0.000159091
0.0005017443
0.0009833429
0.001478718
0
0.003255409
0.0007028043
0.001678933
0.003281262
0.0005863361
0.0009745597
0.0005413782
0.002622148
0.0006679552
0.0001230812
0.0008708949
0.001888491
0
0.0004188007
0.00360158
0.003413209
0.006115003
0.009008687
0.005427356
0.004849369
0.004199821
0.002395524
0.001419821
0.0003780754
0.001971808
0.0006770387
0.005777153
0.007111967
0.006650271
0.0009636698
0.006934663
0.003411304
0.0002442375
0.0002000196
0.001146058
0.0006576583
4.51376e-05
0.0003279082
3.750936e-05
0.0008751132
0.0002834395
0.0008104251
0.003136103
0.00211762
0.001193597
0.002662797
0.0002019872
0.0001878858
0.001905104
0.00258327
0.0006835573
0
0.0001893449
0.0002278141
0.01066637
0.005941767
0.003895224
0.001362791
0.004053576
0.002742103
0.001903682
0.002718165
0.005923609
0.004639037
0.001255212
0.0004834675
0.0001727994
0.0001719528
0.003048765
4.717438e-05
0.0006167009
0.0009938709
0.0004438143
0.0001541351
0.00274345
0.0002436492
0.0009365768
0.00208121
0.0003269793
0.001306053
0.0008790298
0.0003330043
0.005166498
0.00303152
0.002719682
0.005151352
0.01734988
0.01519763
0.002168576
0.001916983
0.0005634079
0.0012764
0.004515642
0.006673499
0.01096891
0.006566791
0.009056854
0.008218026
0.001573868
0.001390498
0.003300283
0.001920386
0.0046425
0.01024507
0.0007299814
0.0003094312
0.001115649
0.000594315
0.0005492516
0.003005679
0.00129948
0.0006238428
0.002668884
0.001265778
0.001371466
0.0003302577
0.0002737109
0
0.000330822
0.0003947794
0.001756295
0.007180195
0.0001393784
0.0001126355
0.000103789
3.051896e-05
0.0005043749
0.003269393
7.658427e-05
0.0001637565
0.00810574
0.01267625
0.0003475531
0.002706382
0.001446097
0.0005227442
0.001093495
0
0.0008855338
0.001666024
0.002645808
0.004017025
0.000753974
0.0004499689
0.0002861708
0.0002834129
9.877399e-05
5.28544e-05
0.001892356
0.0003984867
0.0003724243
0.0001395397
0.008167732
0.006529758
0.009256155
0.007484843
0.002050908
0.004961907
0.001756062
0.0003401907
0.004102374
0.00635649
0.0006678517
0.0007751562
0.000165768
0.0003741652
0.0007228818
0.0005378056
0.002213357
0.002047361
0.0007694212
0.0009248874
0.002139017
0.003347331
0.005706783
0.001510251
0.000363342
0.0005332232
0.0001689618
7.620475e-05
0.002739523
0.001819356
0.002963059
0.001118949
0.003867262
0.003829304
0.009963869
0.01140551
0.0001577095
0.0008617576
0
0.003834818
0.0003802246
0
0.000352469
0.0004064619
4.992432e-05
0.002106295
0.006660371
0.01178553
0.001868528
0.002290034
0.002141864
0.0005567366
0.002529215
0.0007689735
0.002079252
0.001008998
0.002214816
0.001319583
8.232215e-05
0.0006066504
0.0002198057
0.000235359
0.001421966
0.0004793596
0.0001247611
0.0001868808
0.005316342
0.0009666786
0.004449805
0.003074135
0.002699307
0.008019198
0
0.0002642641
7.74234e-05
0
0
0
0.001202754
0.001301452
0.003769907
0.007490088
0.001440301
0.002427081
0
0.0004228177
0.002450888
0.001120533
0.001593089
0
0.001551018
0.0008334804
0.005068209
0.003165019
0
0.0007950119
0.003439084
0.0003382703
0.001548057
0.0007528562
2.189199e-05
4.31056e-05
0.0009923719
0.002241987
0.002120748
0
0.003803101
0.002962264
5.170069e-05
0.001218452
0.001186575
0
6.749335e-05
0.0002102927
0.004722709
0.00142843
0.004742515
0.004468844
0.001828677
0.006053677
0.0001522265
0
5.651119e-05
0.0001736617
0.0003531559
0.001141455
0.004834304
0.001435237
0.00203671
0.002115971
0.005757181
0.009694655
0.00574543
0.000254483
0.01119816
0.003437131
0.0005348576
0.006052877
0.0003930823
0.0005110843
0.002531876
0.001866054
0.005128819
6.23708e-05
0.001141691
0.0005820846
0.0002942459
0
0.0003428917
0
0.00292246
0.002823711
0.001200365
0.0004877321
0.0006100039
0.001172516
0.005484917
0.005193774
0.0002904497
0.0001100778
0.001100968
0.0001449839
0.000157495
0.000177732
0.0005523632
9.81844e-05
0.003098491
0.003917942
0.002517089
8.40992e-05
0.001208406
0.0006525754
0.0005746262
0.002538995
0.001996193
1.212082e-05
0.002707425
0.003702331
0.002796069
0.0004673608
0.0002802064
0.0001101819
0.001986072
0.002326609
0.002511396
5.519484e-05
0.0004189743
1.021763e-05
0.0003287755
0
0.004689354
0.0005813239
0
2.073891e-05
0.0002975885
0.002471884
0.0001802565
0.0001308357
0.0006371263
0
0
0.0001153832
0
0.0007441144
0.001257203
0.0004860144
0.0002689775
0
0.002995127
0.001776723
0.00378123
0.002003096
0.001940833
0.000950626
0.0007552433
0.002803167
0.0008798429
6.636455e-05
0.00135285
0.001143952
0.001663103
0.0006509812
0.00375579
0.002042182
0.0006547821
0.0002849969
0.0001123754
0.000159091
0.0005017443
0.0009833429
0.001478718
0
0.003255409
0.0007028043
0.001678933
0.003281262
0.0005863361
0.0009745597
0.0005413782
0.002622148
0.0006679552
0.0001230812
0.0008708949
0.001888491
0
0.0004188007
0.00360158
0.003413209
0.006115003
0.009008687
0.005427356
0.004849369
0.004199821
0.002395524
0.001419821
0.0003780754
0.001971808
0.0006770387
0.005777153
0.007111967
0.006650271
0.0009636698
0.006934663
0.003411304
0.0002442375
0.0002000196
0.001146058
0.0006576583
4.51376e-05
0.0003279082
3.750936e-05
0.0008751132
0.0002834395
0.0008104251
0.003136103
0.00211762
0.001193597
0.002662797
0.0002019872
0.0001878858
0.001905104
0.00258327
0.0006835573
0
0.0001893449
0.0002278141
0.01066637
0.005941767
0.003895224
0.001362791
0.004053576
0.002742103
0.001903682
0.002718165
0.005923609
0.004639037
0.001255212
0.0004834675
0.0001727994
0.0001719528
0.003048765
4.717438e-05
0.0006167009
0.0009938709
0.0004438143
0.0001541351
0.00274345
0.0002436492
0.0009365768
0.00208121
0.0003269793
0.001306053
0.0008790298
0.0003330043
0.005166498
0.00303152
0.002719682
0.005151352
0.01734988
0.01519763
0.002168576
0.001916983
0.0005634079
0.0012764
0.004515642
0.006673499
0.01096891
0.006566791
0.009056854
0.008218026
0.001573868
0.001390498
0.003300283
0.001920386
0.0046425
0.01024507
0.0007299814
0.0003094312
0.001115649
0.000594315
0.0005492516
0.003005679
0.00129948
0.0006238428
0.002668884
0.001265778
0.001371466
0.0003302577
0.0002737109
0
0.000330822
0.0003947794
0.001756295
0.007180195
0.0001393784
0.0001126355
0.000103789
3.051896e-05
0.0005043749
0.003269393
7.658427e-05
0.0001637565
0.00810574
0.01267625
0.0003475531
0.002706382
0.001446097
0.0005227442
0.001093495
0
0.0008855338
0.001666024
0.002645808
0.004017025
0.000753974
0.0004499689
0.0002861708
0.0002834129
9.877399e-05
5.28544e-05
0.001892356
0.0003984867
0.0003724243
0.0001395397
0.008167732
0.006529758
0.009256155
0.007484843
0.002050908
0.004961907
0.001756062
0.0003401907
0.004102374
0.00635649
0.0006678517
0.0007751562
0.000165768
0.0003741652
0.0007228818
0.0005378056
0.002213357
0.002047361
0.0007694212
0.0009248874
0.002139017
0.003347331
0.005706783
0.001510251
0.000363342
0.0005332232
0.0001689618
7.620475e-05
0.002739523
0.001819356
0.002963059
0.001118949
0.003867262
0.003829304
0.009963869
0.01140551
0.0001577095
0.0008617576
0
0.003834818
0.0003802246
0
0.000352469
0.0004064619
4.992432e-05
0.002106295
0.006660371
0.01178553
7.253103e-05
0.0003572526
0.002219372
0.002891835
0.001246051
0.0004049839
0.001869643
0.006054546
0.001229924
0.006246258
0.001358174
5.114713e-05
0.001804269
0.001148933
0.005610221
0.006807819
0.0002079224
0.001916705
0.006625985
0.003372895
0.00697255
0.008161433
0.005621708
0.006772645
0.004241755
0.000756719
0.001421129
0.003240654
0.0002369867
0.0005663722
0.00229955
0.00124978
0.008996875
0.006242013
0.000885216
0.002268484
0.0002095987
0.00139536
0.0001763157
6.77838e-05
8.29042e-05
0.0007555602
0.008560547
0.004716583
0.006946946
0.007415312
0.004289069
0.003609164
0.01123662
0.0003666879
0.000227758
5.564642e-05
0.0008147208
0.00356859
0.01130473
0.01204009
0.006870032
0.005904406
0.0002054079
0.0003516571
0.001724784
0.0009141706
0.001862226
0.001148279
0.004617605
0.00285864
0.001605503
0.000487106
0.0006827415
0.0003033464
0.001253293
0.001029443
0
0.0001446734
0
0.001079253
1.437283e-05
0.001029546
0.001532559
0.0004632093
0.002122107
0.005634356
0.00490467
0.00239393
0.002115324
0.0002272513
0.004949746
0.004323662
0.0026419
0.002750034
0.003826206
0.003350427
0.0003905548
0.001392027
0.001940057
0.001499331
0.001868528
0.002290034
0.002141864
0.0005567366
0.002529215
0.0007689735
0.002079252
0.001008998
0.002214816
0.001319583
8.232215e-05
0.0006066504
0.0002198057
0.000235359
0.001421966
0.0004793596
0.0001247611
0.0001868808
0.005316342
0.0009666786
0.004449805
0.003074135
0.002699307
0.008019198
0
0.0002642641
7.74234e-05
0
0
0
0.001202754
0.001301452
0.003769907
0.007490088
0.001440301
0.002427081
0
0.0004228177
0.002450888
0.001120533
0.001593089
0
0.001551018
0.0008334804
0.005068209
0.003165019
0
0.0007950119
0.003439084
0.0003382703
0.001548057
0.0007528562
2.189199e-05
4.31056e-05
0.0009923719
0.002241987
0.002120748
0
0.003803101
0.002962264
5.170069e-05
0.001218452
0.001186575
0
6.749335e-05
0.0002102927
0.004722709
0.00142843
0.004742515
0.004468844
0.001828677
0.006053677
0.0001522265
0
5.651119e-05
0.0001736617
0.0003531559
0.001141455
0.004834304
0.001435237
0.00203671
0.002115971
0.005757181
0.009694655
0.00574543
0.000254483
0.01119816
0.003437131
0.0005348576
0.006052877
0.0003930823
0.0005110843
0.002531876
0.001866054
0.005128819
6.23708e-05
0.001141691
0.0005820846
0.0002942459
0
0.0003428917
0
0.00292246
0.002823711
0.001200365
0.0004877321
0.0006100039
0.001172516
0.005484917
0.005193774
0.0002904497
0.0001100778
0.001100968
0.0001449839
0.000157495
0.000177732
0.0005523632
9.81844e-05
0.003098491
0.003917942
0.002517089
8.40992e-05
0.001208406
0.0006525754
0.0005746262
0.002538995
0.001996193
1.212082e-05
0.002707425
0.003702331
0.002796069
0.0004673608
0.0002802064
0.0001101819
0.001986072
0.002326609
0.002511396
5.519484e-05
0.0004189743
1.021763e-05
0.0003287755
0
0.004689354
0.0005813239
0
2.073891e-05
0.0002975885
0.002471884
0.0001802565
0.0001308357
0.0006371263
0
0
0.0001153832
0
0.0007441144
0.001257203
0.0004860144
0.0002689775
0
0.002995127
0.001776723
0.00378123
0.002003096
0.001940833
0.000950626
0.0007552433
0.002803167
0.0008798429
6.636455e-05
0.00135285
0.001143952
0.001663103
0.0006509812
0.00375579
0.002042182
0.0006547821
0.0002849969
0.0001123754
0.000159091
0.0005017443
0.0009833429
0.001478718
0
0.003255409
0.0007028043
0.001678933
0.003281262
0.0005863361
0.0009745597
0.0005413782
0.002622148
0.0006679552
0.0001230812
0.0008708949
0.001888491
0
0.0004188007
0.00360158
0.003413209
0.006115003
0.009008687
0.005427356
0.004849369
0.004199821
0.002395524
0.001419821
0.0003780754
0.001971808
0.0006770387
0.005777153
0.007111967
0.006650271
0.0009636698
0.006934663
0.003411304
0.0002442375
0.0002000196
0.001146058
0.0006576583
4.51376e-05
0.0003279082
3.750936e-05
0.0008751132
0.0002834395
0.0008104251
0.003136103
0.00211762
0.001193597
0.002662797
0.0002019872
0.0001878858
0.001905104
0.00258327
0.0006835573
0
0.0001893449
0.0002278141
0.01066637
0.005941767
0.003895224
0.001362791
0.004053576
0.002742103
0.001903682
0.002718165
0.005923609
0.004639037
0.001255212
0.0004834675
0.0001727994
0.0001719528
0.003048765
4.717438e-05
0.0006167009
0.0009938709
0.0004438143
0.0001541351
0.00274345
0.0002436492
0.0009365768
0.00208121
0.0003269793
0.001306053
0.0008790298
0.0003330043
0.005166498
0.00303152
0.002719682
0.005151352
0.01734988
0.01519763
0.002168576
0.001916983
0.0005634079
0.0012764
0.004515642
0.006673499
0.01096891
0.006566791
0.009056854
0.008218026
0.001573868
0.001390498
0.003300283
0.001920386
0.0046425
0.01024507
0.0007299814
0.0003094312
0.001115649
0.000594315
0.0005492516
0.003005679
0.00129948
0.0006238428
0.002668884
0.001265778
0.001371466
0.0003302577
0.0002737109
0
0.000330822
0.0003947794
0.001756295
0.007180195
0.0001393784
0.0001126355
0.000103789
3.051896e-05
0.0005043749
0.003269393
7.658427e-05
0.0001637565
0.00810574
0.01267625
0.0003475531
0.002706382
0.001446097
0.0005227442
0.001093495
0
0.0008855338
0.001666024
0.002645808
0.004017025
0.000753974
0.0004499689
0.0002861708
0.0002834129
9.877399e-05
5.28544e-05
0.001892356
0.0003984867
0.0003724243
0.0001395397
0.008167732
0.006529758
0.009256155
0.007484843
0.002050908
0.004961907
0.001756062
0.0003401907
0.004102374
0.00635649
0.0006678517
0.0007751562
0.000165768
0.0003741652
0.0007228818
0.0005378056
0.002213357
0.002047361
0.0007694212
0.0009248874
0.002139017
0.003347331
0.005706783
0.001510251
0.000363342
0.0005332232
0.0001689618
7.620475e-05
0.002739523
0.001819356
0.002963059
0.001118949
0.003867262
0.003829304
0.009963869
0.01140551
0.0001577095
0.0008617576
0
0.003834818
0.0003802246
0
0.000352469
0.0004064619
4.992432e-05
0.002106295
0.006660371
0.01178553
7.253103e-05
0.0003572526
0.002219372
0.002891835
0.001246051
0.0004049839
0.001869643
0.006054546
0.001229924
0.006246258
0.001358174
5.114713e-05
0.001804269
0.001148933
0.005610221
0.006807819
0.0002079224
0.001916705
0.006625985
0.003372895
0.00697255
0.008161433
0.005621708
0.006772645
0.004241755
0.000756719
0.001421129
0.003240654
0.0002369867
0.0005663722
0.00229955
0.00124978
0.008996875
0.006242013
0.000885216
0.002268484
0.0002095987
0.00139536
0.0001763157
6.77838e-05
8.29042e-05
0.0007555602
0.008560547
0.004716583
0.006946946
0.007415312
0.004289069
0.003609164
0.01123662
0.0003666879
0.000227758
5.564642e-05
0.0008147208
0.00356859
0.01130473
0.01204009
0.006870032
0.005904406
0.0002054079
0.0003516571
0.001724784
0.0009141706
0.001862226
0.001148279
0.004617605
0.00285864
0.001605503
0.000487106
0.0006827415
0.0003033464
0.001253293
0.001029443
0
0.0001446734
0
0.001079253
1.437283e-05
0.001029546
0.001532559
0.0004632093
0.002122107
0.005634356
0.00490467
0.00239393
0.002115324
0.0002272513
0.004949746
0.004323662
0.0026419
0.002750034
0.003826206
0.003350427
0.0003905548
0.001392027
0.001940057
0.001499331
0.001188269
0.0008994407
0.001868528
0.002290034
0.002141864
0.0005567366
0.002529215
0.0007689735
0.002079252
0.001008998
0.002214816
0.001319583
8.232215e-05
0.0006066504
0.0002198057
0.000235359
0.001421966
0.0004793596
0.0001247611
0.0001868808
0.005316342
0.0009666786
0.004449805
0.003074135
0.002699307
0.008019198
0
0.0002642641
7.74234e-05
0
0
0
0.001202754
0.001301452
0.003769907
0.007490088
0.001440301
0.002427081
0
0.0004228177
0.002450888
0.001120533
0.001593089
0
0.001551018
0.0008334804
0.005068209
0.003165019
0
0.0007950119
0.003439084
0.0003382703
0.001548057
0.0007528562
2.189199e-05
4.31056e-05
0.0009923719
0.002241987
0.002120748
0
0.003803101
0.002962264
5.170069e-05
0.001218452
0.001186575
0
6.749335e-05
0.0002102927
0.004722709
0.00142843
0.004742515
0.004468844
0.001828677
0.006053677
0.0001522265
0
5.651119e-05
0.0001736617
0.0003531559
0.001141455
0.004834304
0.001435237
0.00203671
0.002115971
0.005757181
0.009694655
0.00574543
0.000254483
0.01119816
0.003437131
0.0005348576
0.006052877
0.0003930823
0.0005110843
0.002531876
0.001866054
0.005128819
6.23708e-05
0.001141691
0.0005820846
0.0002942459
0
0.0003428917
0
0.00292246
0.002823711
0.001200365
0.0004877321
0.0006100039
0.001172516
0.005484917
0.005193774
0.0002904497
0.0001100778
0.001100968
0.0001449839
0.000157495
0.000177732
0.0005523632
9.81844e-05
0.003098491
0.003917942
0.002517089
8.40992e-05
0.001208406
0.0006525754
0.0005746262
0.002538995
0.001996193
1.212082e-05
0.002707425
0.003702331
0.002796069
0.0004673608
0.0002802064
0.0001101819
0.001986072
0.002326609
0.002511396
5.519484e-05
0.0004189743
1.021763e-05
0.0003287755
0
0.004689354
0.0005813239
0
2.073891e-05
0.0002975885
0.002471884
0.0001802565
0.0001308357
0.0006371263
0
0
0.0001153832
0
0.0007441144
0.001257203
0.0004860144
0.0002689775
0
0.002995127
0.001776723
0.00378123
0.002003096
0.001940833
0.000950626
0.0007552433
0.002803167
0.0008798429
6.636455e-05
0.00135285
0.001143952
0.001663103
0.0006509812
0.00375579
0.002042182
0.0006547821
0.0002849969
0.0001123754
0.000159091
0.0005017443
0.0009833429
0.001478718
0
0.003255409
0.0007028043
0.001678933
0.003281262
0.0005863361
0.0009745597
0.0005413782
0.002622148
0.0006679552
0.0001230812
0.0008708949
0.001888491
0
0.0004188007
0.00360158
0.003413209
0.006115003
0.009008687
0.005427356
0.004849369
0.004199821
0.002395524
0.001419821
0.0003780754
0.001971808
0.0006770387
0.005777153
0.007111967
0.006650271
0.0009636698
0.006934663
0.003411304
0.0002442375
0.0002000196
0.001146058
0.0006576583
4.51376e-05
0.0003279082
3.750936e-05
0.0008751132
0.0002834395
0.0008104251
0.003136103
0.00211762
0.001193597
0.002662797
0.0002019872
0.0001878858
0.001905104
0.00258327
0.0006835573
0
0.0001893449
0.0002278141
0.01066637
0.005941767
0.003895224
0.001362791
0.004053576
0.002742103
0.001903682
0.002718165
0.005923609
0.004639037
0.001255212
0.0004834675
0.0001727994
0.0001719528
0.003048765
4.717438e-05
0.0006167009
0.0009938709
0.0004438143
0.0001541351
0.00274345
0.0002436492
0.0009365768
0.00208121
0.0003269793
0.001306053
0.0008790298
0.0003330043
0.005166498
0.00303152
0.002719682
0.005151352
0.01734988
0.01519763
0.002168576
0.001916983
0.0005634079
0.0012764
0.004515642
0.006673499
0.01096891
0.006566791
0.009056854
0.008218026
0.001573868
0.001390498
0.003300283
0.001920386
0.0046425
0.01024507
0.0007299814
0.0003094312
0.001115649
0.000594315
0.0005492516
0.003005679
0.00129948
0.0006238428
0.002668884
0.001265778
0.001371466
0.0003302577
0.0002737109
0
0.000330822
0.0003947794
0.001756295
0.007180195
0.0001393784
0.0001126355
0.000103789
3.051896e-05
0.0005043749
0.003269393
7.658427e-05
0.0001637565
0.00810574
0.01267625
0.0003475531
0.002706382
0.001446097
0.0005227442
0.001093495
0
0.0008855338
0.001666024
0.002645808
0.004017025
0.000753974
0.0004499689
0.0002861708
0.0002834129
9.877399e-05
5.28544e-05
0.001892356
0.0003984867
0.0003724243
0.0001395397
0.008167732
0.006529758
0.009256155
0.007484843
0.002050908
0.004961907
0.001756062
0.0003401907
0.004102374
0.00635649
0.0006678517
0.0007751562
0.000165768
0.0003741652
0.0007228818
0.0005378056
0.002213357
0.002047361
0.0007694212
0.0009248874
0.002139017
0.003347331
0.005706783
0.001510251
0.000363342
0.0005332232
0.0001689618
7.620475e-05
0.002739523
0.001819356
0.002963059
0.001118949
0.003867262
0.003829304
0.009963869
0.01140551
0.0001577095
0.0008617576
0
0.003834818
0.0003802246
0
0.000352469
0.0004064619
4.992432e-05
0.002106295
0.006660371
0.01178553
7.253103e-05
0.0003572526
0.002219372
0.002891835
0.001246051
0.0004049839
0.001869643
0.006054546
0.001229924
0.006246258
0.001358174
5.114713e-05
0.001804269
0.001148933
0.005610221
0.006807819
0.0002079224
0.001916705
0.006625985
0.003372895
0.00697255
0.008161433
0.005621708
0.006772645
0.004241755
0.000756719
0.001421129
0.003240654
0.0002369867
0.0005663722
0.00229955
0.00124978
0.008996875
0.006242013
0.000885216
0.002268484
0.0002095987
0.00139536
0.0001763157
6.77838e-05
8.29042e-05
0.0007555602
0.008560547
0.004716583
0.006946946
0.007415312
0.004289069
0.003609164
0.01123662
0.0003666879
0.000227758
5.564642e-05
0.0008147208
0.00356859
0.01130473
0.01204009
0.006870032
0.005904406
0.0002054079
0.0003516571
0.001724784
0.0009141706
0.001862226
0.001148279
0.004617605
0.00285864
0.001605503
0.000487106
0.0006827415
0.0003033464
0.001253293
0.001029443
0
0.0001446734
0
0.001079253
1.437283e-05
0.001029546
0.001532559
0.0004632093
0.002122107
0.005634356
0.00490467
0.00239393
0.002115324
0.0002272513
0.004949746
0.004323662
0.0026419
0.002750034
0.003826206
0.003350427
0.0003905548
0.001392027
0.001940057
0.001499331
0.001188269
0.0008994407
0.001868528
0.002290034
0.002141864
0.0005567366
0.002529215
0.0007689735
0.002079252
0.001008998
0.002214816
0.001319583
8.232215e-05
0.0006066504
0.0002198057
0.000235359
0.001421966
0.0004793596
0.0001247611
0.0001868808
0.005316342
0.0009666786
0.004449805
0.003074135
0.002699307
0.008019198
0
0.0002642641
7.74234e-05
0
0
0
0.001202754
0.001301452
0.003769907
0.007490088
0.001440301
0.002427081
0
0.0004228177
0.002450888
0.001120533
0.001593089
0
0.001551018
0.0008334804
0.005068209
0.003165019
0
0.0007950119
0.003439084
0.0003382703
0.001548057
0.0007528562
2.189199e-05
4.31056e-05
0.0009923719
0.002241987
0.002120748
0
0.003803101
0.002962264
5.170069e-05
0.001218452
0.001186575
0
6.749335e-05
0.0002102927
0.004722709
0.00142843
0.004742515
0.004468844
0.001828677
0.006053677
0.0001522265
0
5.651119e-05
0.0001736617
0.0003531559
0.001141455
0.004834304
0.001435237
0.00203671
0.002115971
0.005757181
0.009694655
0.00574543
0.000254483
0.01119816
0.003437131
0.0005348576
0.006052877
0.0003930823
0.0005110843
0.002531876
0.001866054
0.005128819
6.23708e-05
0.001141691
0.0005820846
0.0002942459
0
0.0003428917
0
0.00292246
0.002823711
0.001200365
0.0004877321
0.0006100039
0.001172516
0.005484917
0.005193774
0.0002904497
0.0001100778
0.001100968
0.0001449839
0.000157495
0.000177732
0.0005523632
9.81844e-05
0.003098491
0.003917942
0.002517089
8.40992e-05
0.001208406
0.0006525754
0.0005746262
0.002538995
0.001996193
1.212082e-05
0.002707425
0.003702331
0.002796069
0.0004673608
0.0002802064
0.0001101819
0.001986072
0.002326609
0.002511396
5.519484e-05
0.0004189743
1.021763e-05
0.0003287755
0
0.004689354
0.0005813239
0
2.073891e-05
0.0002975885
0.002471884
0.0001802565
0.0001308357
0.0006371263
0
0
0.0001153832
0
0.0007441144
0.001257203
0.0004860144
0.0002689775
0
0.002995127
0.001776723
0.00378123
0.002003096
0.001940833
0.000950626
0.0007552433
0.002803167
0.0008798429
6.636455e-05
0.00135285
0.001143952
0.001663103
0.0006509812
0.00375579
0.002042182
0.0006547821
0.0002849969
0.0001123754
0.000159091
0.0005017443
0.0009833429
0.001478718
0
0.003255409
0.0007028043
0.001678933
0.003281262
0.0005863361
0.0009745597
0.0005413782
0.002622148
0.0006679552
0.0001230812
0.0008708949
0.001888491
0
0.0004188007
0.00360158
0.003413209
0.006115003
0.009008687
0.005427356
0.004849369
0.004199821
0.002395524
0.001419821
0.0003780754
0.001971808
0.0006770387
0.005777153
0.007111967
0.006650271
0.0009636698
0.006934663
0.003411304
0.0002442375
0.0002000196
0.001146058
0.0006576583
4.51376e-05
0.0003279082
3.750936e-05
0.0008751132
0.0002834395
0.0008104251
0.003136103
0.00211762
0.001193597
0.002662797
0.0002019872
0.0001878858
0.001905104
0.00258327
0.0006835573
0
0.0001893449
0.0002278141
0.01066637
0.005941767
0.003895224
0.001362791
0.004053576
0.002742103
0.001903682
0.002718165
0.005923609
0.004639037
0.001255212
0.0004834675
0.0001727994
0.0001719528
0.003048765
4.717438e-05
0.0006167009
0.0009938709
0.0004438143
0.0001541351
0.00274345
0.0002436492
0.0009365768
0.00208121
0.0003269793
0.001306053
0.0008790298
0.0003330043
0.005166498
0.00303152
0.002719682
0.005151352
0.01734988
0.01519763
0.002168576
0.001916983
0.0005634079
0.0012764
0.004515642
0.006673499
0.01096891
0.006566791
0.009056854
0.008218026
0.001573868
0.001390498
0.003300283
0.001920386
0.0046425
0.01024507
0.0007299814
0.0003094312
0.001115649
0.000594315
0.0005492516
0.003005679
0.00129948
0.0006238428
0.002668884
0.001265778
0.001371466
0.0003302577
0.0002737109
0
0.000330822
0.0003947794
0.001756295
0.007180195
0.0001393784
0.0001126355
0.000103789
3.051896e-05
0.0005043749
0.003269393
7.658427e-05
0.0001637565
0.00810574
0.01267625
0.0003475531
0.002706382
0.001446097
0.0005227442
0.001093495
0
0.0008855338
0.001666024
0.002645808
0.004017025
0.000753974
0.0004499689
0.0002861708
0.0002834129
9.877399e-05
5.28544e-05
0.001892356
0.0003984867
0.0003724243
0.0001395397
0.008167732
0.006529758
0.009256155
0.007484843
0.002050908
0.004961907
0.001756062
0.0003401907
0.004102374
0.00635649
0.0006678517
0.0007751562
0.000165768
0.0003741652
0.0007228818
0.0005378056
0.002213357
0.002047361
0.0007694212
0.0009248874
0.002139017
0.003347331
0.005706783
0.001510251
0.000363342
0.0005332232
0.0001689618
7.620475e-05
0.002739523
0.001819356
0.002963059
0.001118949
0.003867262
0.003829304
0.009963869
0.01140551
0.0001577095
0.0008617576
0
0.003834818
0.0003802246
0
0.000352469
0.0004064619
4.992432e-05
0.002106295
0.006660371
0.01178553
7.253103e-05
0.0003572526
0.002219372
0.002891835
0.001246051
0.0004049839
0.001869643
0.006054546
0.001229924
0.006246258
0.001358174
5.114713e-05
0.001804269
0.001148933
0.005610221
0.006807819
0.0002079224
0.001916705
0.006625985
0.003372895
0.00697255
0.008161433
0.005621708
0.006772645
0.004241755
0.000756719
0.001421129
0.003240654
0.0002369867
0.0005663722
0.00229955
0.00124978
0.008996875
0.006242013
0.000885216
0.002268484
0.0002095987
0.00139536
0.0001763157
6.77838e-05
8.29042e-05
0.0007555602
0.008560547
0.004716583
0.006946946
0.007415312
0.004289069
0.003609164
0.01123662
0.0003666879
0.000227758
5.564642e-05
0.0008147208
0.00356859
0.01130473
0.01204009
0.006870032
0.005904406
0.0002054079
0.0003516571
0.001724784
0.0009141706
0.001862226
0.001148279
0.004617605
0.00285864
0.001605503
0.000487106
0.0006827415
0.0003033464
0.001253293
0.001029443
0
0.0001446734
0
0.001079253
1.437283e-05
0.001029546
0.001532559
0.0004632093
0.002122107
0.005634356
0.00490467
0.00239393
0.002115324
0.0002272513
0.004949746
0.004323662
0.0026419
0.002750034
0.003826206
0.003350427
0.0003905548
0.001392027
0.001940057
0.001499331
0.001188269
0.0008994407
0.001868528
0.002290034
0.002141864
0.0005567366
0.002529215
0.0007689735
0.002079252
0.001008998
0.002214816
0.001319583
8.232215e-05
0.0006066504
0.0002198057
0.000235359
0.001421966
0.0004793596
0.0001247611
0.0001868808
0.005316342
0.0009666786
0.004449805
0.003074135
0.002699307
0.008019198
0
0.0002642641
7.74234e-05
0
0
0
0.001202754
0.001301452
0.003769907
0.007490088
0.001440301
0.002427081
0
0.0004228177
0.002450888
0.001120533
0.001593089
0
0.001551018
0.0008334804
0.005068209
0.003165019
0
0.0007950119
0.003439084
0.0003382703
0.001548057
0.0007528562
2.189199e-05
4.31056e-05
0.0009923719
0.002241987
0.002120748
0
0.003803101
0.002962264
5.170069e-05
0.001218452
0.001186575
0
6.749335e-05
0.0002102927
0.004722709
0.00142843
0.004742515
0.004468844
0.001828677
0.006053677
0.0001522265
0
5.651119e-05
0.0001736617
0.0003531559
0.001141455
0.004834304
0.001435237
0.00203671
0.002115971
0.005757181
0.009694655
0.00574543
0.000254483
0.01119816
0.003437131
0.0005348576
0.006052877
0.0003930823
0.0005110843
0.002531876
0.001866054
0.005128819
6.23708e-05
0.001141691
0.0005820846
0.0002942459
0
0.0003428917
0
0.00292246
0.002823711
0.001200365
0.0004877321
0.0006100039
0.001172516
0.005484917
0.005193774
0.0002904497
0.0001100778
0.001100968
0.0001449839
0.000157495
0.000177732
0.0005523632
9.81844e-05
0.003098491
0.003917942
0.002517089
8.40992e-05
0.001208406
0.0006525754
0.0005746262
0.002538995
0.001996193
1.212082e-05
0.002707425
0.003702331
0.002796069
0.0004673608
0.0002802064
0.0001101819
0.001986072
0.002326609
0.002511396
5.519484e-05
0.0004189743
1.021763e-05
0.0003287755
0
0.004689354
0.0005813239
0
2.073891e-05
0.0002975885
0.002471884
0.0001802565
0.0001308357
0.0006371263
0
0
0.0001153832
0
0.0007441144
0.001257203
0.0004860144
0.0002689775
0
0.002995127
0.001776723
0.00378123
0.002003096
0.001940833
0.000950626
0.0007552433
0.002803167
0.0008798429
6.636455e-05
0.00135285
0.001143952
0.001663103
0.0006509812
0.00375579
0.002042182
0.0006547821
0.0002849969
0.0001123754
0.000159091
0.0005017443
0.0009833429
0.001478718
0
0.003255409
0.0007028043
0.001678933
0.003281262
0.0005863361
0.0009745597
0.0005413782
0.002622148
0.0006679552
0.0001230812
0.0008708949
0.001888491
0
0.0004188007
0.00360158
0.003413209
0.006115003
0.009008687
0.005427356
0.004849369
0.004199821
0.002395524
0.001419821
0.0003780754
0.001971808
0.0006770387
0.005777153
0.007111967
0.006650271
0.0009636698
0.006934663
0.003411304
0.0002442375
0.0002000196
0.001146058
0.0006576583
4.51376e-05
0.0003279082
3.750936e-05
0.0008751132
0.0002834395
0.0008104251
0.003136103
0.00211762
0.001193597
0.002662797
0.0002019872
0.0001878858
0.001905104
0.00258327
0.0006835573
0
0.0001893449
0.0002278141
0.01066637
0.005941767
0.003895224
0.001362791
0.004053576
0.002742103
0.001903682
0.002718165
0.005923609
0.004639037
0.001255212
0.0004834675
0.0001727994
0.0001719528
0.003048765
4.717438e-05
0.0006167009
0.0009938709
0.0004438143
0.0001541351
0.00274345
0.0002436492
0.0009365768
0.00208121
0.0003269793
0.001306053
0.0008790298
0.0003330043
0.005166498
0.00303152
0.002719682
0.005151352
0.01734988
0.01519763
0.002168576
0.001916983
0.0005634079
0.0012764
0.004515642
0.006673499
0.01096891
0.006566791
0.009056854
0.008218026
0.001573868
0.001390498
0.003300283
0.001920386
0.0046425
0.01024507
0.0007299814
0.0003094312
0.001115649
0.000594315
0.0005492516
0.003005679
0.00129948
0.0006238428
0.002668884
0.001265778
0.001371466
0.0003302577
0.0002737109
0
0.000330822
0.0003947794
0.001756295
0.007180195
0.0001393784
0.0001126355
0.000103789
3.051896e-05
0.0005043749
0.003269393
7.658427e-05
0.0001637565
0.00810574
0.01267625
0.0003475531
0.002706382
0.001446097
0.0005227442
0.001093495
0
0.0008855338
0.001666024
0.002645808
0.004017025
0.000753974
0.0004499689
0.0002861708
0.0002834129
9.877399e-05
5.28544e-05
0.001892356
0.0003984867
0.0003724243
0.0001395397
0.008167732
0.006529758
0.009256155
0.007484843
0.002050908
0.004961907
0.001756062
0.0003401907
0.004102374
0.00635649
0.0006678517
0.0007751562
0.000165768
0.0003741652
0.0007228818
0.0005378056
0.002213357
0.002047361
0.0007694212
0.0009248874
0.002139017
0.003347331
0.005706783
0.001510251
0.000363342
0.0005332232
0.0001689618
7.620475e-05
0.002739523
0.001819356
0.002963059
0.001118949
0.003867262
0.003829304
0.009963869
0.01140551
0.0001577095
0.0008617576
0
0.003834818
0.0003802246
0
0.000352469
0.0004064619
4.992432e-05
0.002106295
0.006660371
0.01178553
7.253103e-05
0.0003572526
0.002219372
0.002891835
0.001246051
0.0004049839
0.001869643
0.006054546
0.001229924
0.006246258
0.001358174
5.114713e-05
0.001804269
0.001148933
0.005610221
0.006807819
0.0002079224
0.001916705
0.006625985
0.003372895
0.00697255
0.008161433
0.005621708
0.006772645
0.004241755
0.000756719
0.001421129
0.003240654
0.0002369867
0.0005663722
0.00229955
0.00124978
0.008996875
0.006242013
0.000885216
0.002268484
0.0002095987
0.00139536
0.0001763157
6.77838e-05
8.29042e-05
0.0007555602
0.008560547
0.004716583
0.006946946
0.007415312
0.004289069
0.003609164
0.01123662
0.0003666879
0.000227758
5.564642e-05
0.0008147208
0.00356859
0.01130473
0.01204009
0.006870032
0.005904406
0.0002054079
0.0003516571
0.001724784
0.0009141706
0.001862226
0.001148279
0.004617605
0.00285864
0.001605503
0.000487106
0.0006827415
0.0003033464
0.001253293
0.001029443
0
0.0001446734
0
0.001079253
1.437283e-05
0.001029546
0.001532559
0.0004632093
0.002122107
0.005634356
0.00490467
0.00239393
0.002115324
0.0002272513
0.004949746
0.004323662
0.0026419
0.002750034
0.003826206
0.003350427
0.0003905548
0.001392027
0.001940057
0.001499331
0.001188269
0.0008994407
0.0004111803
6.475765e-05
0.0005463204
0.0004951853
0.001520326
0.00180712
0.00118393
0.002652934
0.001374978
0.004015572
0.0001640176
9.086819e-05
0.00122632
0.0006381911
0.003416329
8.824051e-06
8.370961e-05
0.0001968
0.001926312
0
0.0006593819
0.000292099
0.0006459237
0.0005019584
0.0005616944
0.002455039
0.0005414464
0.001144037
0.003840696
0.0001869447
0.003958188
0.004212069
0.0009229215
0.003087971
0.0009921658
0.0001485816
5.209191e-05
0
9.880011e-05
0.01069804
0.000595891
0.003034197
0.0004002046
0.0008298608
0.001728021
0.002605557
0.000459074
0.0004083557
0
0.0001988952
0
0.0007029404
0.005142083
0.001209786
0.0006856259
0
0.0003108694
8.181812e-05
0.000853344
0
0.0005089601
1.057508e-06
0.0004738321
0
0.0003884852
0
0.0005975262
0.0002667973
5.871988e-05
0.0004318306
0.001868528
0.002290034
0.002141864
0.0005567366
0.002529215
0.0007689735
0.002079252
0.001008998
0.002214816
0.001319583
8.232215e-05
0.0006066504
0.0002198057
0.000235359
0.001421966
0.0004793596
0.0001247611
0.0001868808
0.005316342
0.0009666786
0.004449805
0.003074135
0.002699307
0.008019198
0
0.0002642641
7.74234e-05
0
0
0
0.001202754
0.001301452
0.003769907
0.007490088
0.001440301
0.002427081
0
0.0004228177
0.002450888
0.001120533
0.001593089
0
0.001551018
0.0008334804
0.005068209
0.003165019
0
0.0007950119
0.003439084
0.0003382703
0.001548057
0.0007528562
2.189199e-05
4.31056e-05
0.0009923719
0.002241987
0.002120748
0
0.003803101
0.002962264
5.170069e-05
0.001218452
0.001186575
0
6.749335e-05
0.0002102927
0.004722709
0.00142843
0.004742515
0.004468844
0.001828677
0.006053677
0.0001522265
0
5.651119e-05
0.0001736617
0.0003531559
0.001141455
0.004834304
0.001435237
0.00203671
0.002115971
0.005757181
0.009694655
0.00574543
0.000254483
0.01119816
0.003437131
0.0005348576
0.006052877
0.0003930823
0.0005110843
0.002531876
0.001866054
0.005128819
6.23708e-05
0.001141691
0.0005820846
0.0002942459
0
0.0003428917
0
0.00292246
0.002823711
0.001200365
0.0004877321
0.0006100039
0.001172516
0.005484917
0.005193774
0.0002904497
0.0001100778
0.001100968
0.0001449839
0.000157495
0.000177732
0.0005523632
9.81844e-05
0.003098491
0.003917942
0.002517089
8.40992e-05
0.001208406
0.0006525754
0.0005746262
0.002538995
0.001996193
1.212082e-05
0.002707425
0.003702331
0.002796069
0.0004673608
0.0002802064
0.0001101819
0.001986072
0.002326609
0.002511396
5.519484e-05
0.0004189743
1.021763e-05
0.0003287755
0
0.004689354
0.0005813239
0
2.073891e-05
0.0002975885
0.002471884
0.0001802565
0.0001308357
0.0006371263
0
0
0.0001153832
0
0.0007441144
0.001257203
0.0004860144
0.0002689775
0
0.002995127
0.001776723
0.00378123
0.002003096
0.001940833
0.000950626
0.0007552433
0.002803167
0.0008798429
6.636455e-05
0.00135285
0.001143952
0.001663103
0.0006509812
0.00375579
0.002042182
0.0006547821
0.0002849969
0.0001123754
0.000159091
0.0005017443
0.0009833429
0.001478718
0
0.003255409
0.0007028043
0.001678933
0.003281262
0.0005863361
0.0009745597
0.0005413782
0.002622148
0.0006679552
0.0001230812
0.0008708949
0.001888491
0
0.0004188007
0.00360158
0.003413209
0.006115003
0.009008687
0.005427356
0.004849369
0.004199821
0.002395524
0.001419821
0.0003780754
0.001971808
0.0006770387
0.005777153
0.007111967
0.006650271
0.0009636698
0.006934663
0.003411304
0.0002442375
0.0002000196
0.001146058
0.0006576583
4.51376e-05
0.0003279082
3.750936e-05
0.0008751132
0.0002834395
0.0008104251
0.003136103
0.00211762
0.001193597
0.002662797
0.0002019872
0.0001878858
0.001905104
0.00258327
0.0006835573
0
0.0001893449
0.0002278141
0.01066637
0.005941767
0.003895224
0.001362791
0.004053576
0.002742103
0.001903682
0.002718165
0.005923609
0.004639037
0.001255212
0.0004834675
0.0001727994
0.0001719528
0.003048765
4.717438e-05
0.0006167009
0.0009938709
0.0004438143
0.0001541351
0.00274345
0.0002436492
0.0009365768
0.00208121
0.0003269793
0.001306053
0.0008790298
0.0003330043
0.005166498
0.00303152
0.002719682
0.005151352
0.01734988
0.01519763
0.002168576
0.001916983
0.0005634079
0.0012764
0.004515642
0.006673499
0.01096891
0.006566791
0.009056854
0.008218026
0.001573868
0.001390498
0.003300283
0.001920386
0.0046425
0.01024507
0.0007299814
0.0003094312
0.001115649
0.000594315
0.0005492516
0.003005679
0.00129948
0.0006238428
0.002668884
0.001265778
0.001371466
0.0003302577
0.0002737109
0
0.000330822
0.0003947794
0.001756295
0.007180195
0.0001393784
0.0001126355
0.000103789
3.051896e-05
0.0005043749
0.003269393
7.658427e-05
0.0001637565
0.00810574
0.01267625
0.0003475531
0.002706382
0.001446097
0.0005227442
0.001093495
0
0.0008855338
0.001666024
0.002645808
0.004017025
0.000753974
0.0004499689
0.0002861708
0.0002834129
9.877399e-05
5.28544e-05
0.001892356
0.0003984867
0.0003724243
0.0001395397
0.008167732
0.006529758
0.009256155
0.007484843
0.002050908
0.004961907
0.001756062
0.0003401907
0.004102374
0.00635649
0.0006678517
0.0007751562
0.000165768
0.0003741652
0.0007228818
0.0005378056
0.002213357
0.002047361
0.0007694212
0.0009248874
0.002139017
0.003347331
0.005706783
0.001510251
0.000363342
0.0005332232
0.0001689618
7.620475e-05
0.002739523
0.001819356
0.002963059
0.001118949
0.003867262
0.003829304
0.009963869
0.01140551
0.0001577095
0.0008617576
0
0.003834818
0.0003802246
0
0.000352469
0.0004064619
4.992432e-05
0.002106295
0.006660371
0.01178553
7.253103e-05
0.0003572526
0.002219372
0.002891835
0.001246051
0.0004049839
0.001869643
0.006054546
0.001229924
0.006246258
0.001358174
5.114713e-05
0.001804269
0.001148933
0.005610221
0.006807819
0.0002079224
0.001916705
0.006625985
0.003372895
0.00697255
0.008161433
0.005621708
0.006772645
0.004241755
0.000756719
0.001421129
0.003240654
0.0002369867
0.0005663722
0.00229955
0.00124978
0.008996875
0.006242013
0.000885216
0.002268484
0.0002095987
0.00139536
0.0001763157
6.77838e-05
8.29042e-05
0.0007555602
0.008560547
0.004716583
0.006946946
0.007415312
0.004289069
0.003609164
0.01123662
0.0003666879
0.000227758
5.564642e-05
0.0008147208
0.00356859
0.01130473
0.01204009
0.006870032
0.005904406
0.0002054079
0.0003516571
0.001724784
0.0009141706
0.001862226
0.001148279
0.004617605
0.00285864
0.001605503
0.000487106
0.0006827415
0.0003033464
0.001253293
0.001029443
0
0.0001446734
0
0.001079253
1.437283e-05
0.001029546
0.001532559
0.0004632093
0.002122107
0.005634356
0.00490467
0.00239393
0.002115324
0.0002272513
0.004949746
0.004323662
0.0026419
0.002750034
0.003826206
0.003350427
0.0003905548
0.001392027
0.001940057
0.001499331
0.001188269
0.0008994407
0.0004111803
6.475765e-05
0.0005463204
0.0004951853
0.001520326
0.00180712
0.00118393
0.002652934
0.001374978
0.004015572
0.0001640176
9.086819e-05
0.00122632
0.0006381911
0.003416329
8.824051e-06
8.370961e-05
0.0001968
0.001926312
0
0.0006593819
0.000292099
0.0006459237
0.0005019584
0.0005616944
0.002455039
0.0005414464
0.001144037
0.003840696
0.0001869447
0.003958188
0.004212069
0.0009229215
0.003087971
0.0009921658
0.0001485816
5.209191e-05
0
9.880011e-05
0.01069804
0.000595891
0.003034197
0.0004002046
0.0008298608
0.001728021
0.002605557
0.000459074
0.0004083557
0
0.0001988952
0
0.0007029404
0.005142083
0.001209786
0.0006856259
0
0.0003108694
8.181812e-05
0.000853344
0
0.0005089601
1.057508e-06
0.0004738321
0
0.0003884852
0
0.0005975262
0.0002667973
5.871988e-05
0.0004318306
0.0008248176
0.001643907
0.004334083
0.003434266
0.002542616
0.004775056
0.004334631
0.001036822
0.004869154
0.0008320605
0.002282883
0.0006438793
0.002490918
0.001457983
0.0007080336
0.0002735214
0.001187094
0.002279467
