0.0009268192
0.001321784
0.0006335057
0.0002365319
0.0003089292
2.745391e-05
0.0005885462
7.827365e-05
0.0002480017
0.001215939
0.0003243803
0.001521577
0.0001907488
0.0007858864
0.003456298
0.0008165939
0.0005095134
0.0002720273
0.001127658
0.0004181765
0
0
0.000398234
0
0.0004019833
0.001036843
0.0006389893
0
0.0002579072
0.006431228
0
0.0003914763
0.0001427629
9.766559e-05
0.000415153
0.001239883
0.001250035
0.001429902
0.0007974988
0.0009243567
0.002249385
0
0.0004862564
0.0003895522
0.0013022
0.0008846646
0.002847573
0.006990287
0.001673498
0.0005465872
2.801687e-05
0.0008124151
0.0003199155
0.00164338
0.0007702098
7.937825e-05
0
1.052244e-05
0
0
0
0
7.506669e-05
0
0
0
0.0009059858
0.001954809
0.002009849
0
0.00463554
0.01096207
0.0003782048
0.001457224
0.0003773561
7.00176e-05
0.0002730713
0.0003290131
0.0005796831
0.002667211
0.001771565
0.00177794
8.947154e-05
8.065779e-05
1.002471e-05
5.160465e-05
0.001057927
0.001070314
0.000103356
0.0002947356
0.006207472
0.00207317
0.0002550665
0.0004445616
0.0001125732
0.000440532
0
1.613283e-05
4.522447e-05
7.790922e-05
0
0.0001137275
0.0005448777
0.001377928
0
0
0
0.0005321582
0.000303423
9.012244e-05
0.003484427
0.002363288
0.0008518354
0.001962656
3.322408e-05
6.524161e-05
0.0002977712
0.0003139946
0.0001190845
0.000432566
9.857781e-05
0
0.0006523091
0
0
0.001650702
0.0009448239
0.001690125
0.001217593
0.00403037
4.320766e-05
3.885078e-05
0.0002103343
0.001976353
0.001835065
6.091531e-05
0.0002235914
4.459961e-05
0
0.0006349836
0
0
0
3.89174e-05
0
0.001027473
0.0002178538
0.0002739122
0
0
0.0008498917
0.002786536
0.0002232849
0.001483572
0.0002182234
0.000324736
0.0001347964
0.006770488
0.0002576615
0.001784338
0.0003355366
9.876606e-05
0.004195443
0.003165678
0.007120377
0.001531267
0.003522018
0
0.0001915728
0.0001175229
2.066296e-05
9.964143e-05
0
0.0003069638
2.459151e-05
0
3.235988e-05
0
0
0
0.0005969915
0.001522641
0.0012873
0.0006958374
3.947353e-05
0.0001977065
0.0009671402
0.001023236
0.0003046815
4.212665e-05
0.000259954
0
1.996745e-05
0.0002544016
9.007543e-05
8.496939e-05
0.0002064936
0.0001706618
0.00211118
0.002794358
0.0009139418
0.001473431
0.0002493282
0.003236858
0.003769701
0.0008086891
0.0001337759
0
0.0007160212
0.001735155
0.0001529559
0
0.0005154753
0.0006952726
0.0003446938
0.001359674
0
0
7.008794e-05
2.321427e-05
0
0
0
0
3.21895e-05
0.0001700863
4.301466e-05
0
0
0.000205946
0.001109856
0.001320718
0.004680469
0.01085373
0.0007203272
0.001540733
0.0003249751
0
0.008401247
0.01423005
0.002975718
0.002453569
0.0007235485
0.0001081722
0.0008084177
8.357559e-05
0.0006430797
0.001809578
0.0002544557
0.0008471916
0.0005097068
0
0.003287386
0
0.0007706255
0.0007268405
0.00117647
9.65665e-06
0.001043711
0.002164934
0.0005627585
0.001484208
0.0009060471
0.004306948
0.005920809
2.510872e-06
0
0.0003830424
0.0002222636
0
0.0003097223
0.0001889904
0.0006017763
0.0006960894
0.0005265195
0.000490157
9.446807e-05
0.00112108
6.341642e-05
0.0007574221
0.0001154592
0.0004695222
6.368013e-05
0.000289013
0.0001371201
7.458421e-05
0.0001004828
0.002555378
0.0002057508
0.0001193604
0.000321777
0.001955655
0.0004604145
0.0003014275
0.005575759
0.000506705
0.0003649648
0.0004159295
0.000902298
0.0004698939
0.0006863906
5.781489e-05
0.0003954374
0.0001342539
0.0007501567
0.003492203
0.001665729
0.00191071
0.0002341861
0.0001864995
0.0002609736
0.0002177366
0.0007952901
0.004269969
0.002648527
0.0005814892
0.007953896
0.001900134
0.002860863
0.0003043789
0.0007651697
0.00260077
1.31701e-05
0
0.0002596634
0.0002743562
0.0001343409
0.0002807395
0.0005150323
0.001327119
0.0006309218
0.0003360303
0.0001234466
1.31685e-05
0.0004419983
0.0004369084
0.001106685
0.002156355
0.000339879
2.765792e-05
0.0009316038
0.002949401
5.463641e-05
0.0008215947
0.00122263
0.0003790283
0.0008246073
0.0004845586
0.0002548247
0.000498412
2.538888e-06
0.001445901
0
0.0001192919
0.000143318
8.071385e-05
0.0005937748
8.678041e-05
0.0001255772
0.002066387
0.001377509
0.001406854
0.001653985
0.0003475321
0.003188657
0.0002121036
1.669765e-05
0.0003263159
0.0001692313
0
0.0002047678
0
0.0006375238
0.00404436
9.435798e-05
0.0005829091
0.0004980026
0.0001350778
0.0002245733
0.0002114404
0.002074271
0.000616667
0.005554544
0.002895391
0.000329007
0.0006278173
0.004360637
0.003338468
0.0009649728
7.131342e-05
5.332054e-05
0.005386213
0.001765745
0.007251021
4.609454e-06
0.000390901
0.003982035
0.002479881
0.004893518
0.004569653
0.0008568572
0.0009386398
0.000176954
0.0005415985
0.004708634
0.001702326
0.0009268192
0.001321784
0.0006335057
0.0002365319
0.0003089292
2.745391e-05
0.0005885462
7.827365e-05
0.0002480017
0.001215939
0.0003243803
0.001521577
0.0001907488
0.0007858864
0.003456298
0.0008165939
0.0005095134
0.0002720273
0.001127658
0.0004181765
0
0
0.000398234
0
0.0004019833
0.001036843
0.0006389893
0
0.0002579072
0.006431228
0
0.0003914763
0.0001427629
9.766559e-05
0.000415153
0.001239883
0.001250035
0.001429902
0.0007974988
0.0009243567
0.002249385
0
0.0004862564
0.0003895522
0.0013022
0.0008846646
0.002847573
0.006990287
0.001673498
0.0005465872
2.801687e-05
0.0008124151
0.0003199155
0.00164338
0.0007702098
7.937825e-05
0
1.052244e-05
0
0
0
0
7.506669e-05
0
0
0
0.0009059858
0.001954809
0.002009849
0
0.00463554
0.01096207
0.0003782048
0.001457224
0.0003773561
7.00176e-05
0.0002730713
0.0003290131
0.0005796831
0.002667211
0.001771565
0.00177794
8.947154e-05
8.065779e-05
1.002471e-05
5.160465e-05
0.001057927
0.001070314
0.000103356
0.0002947356
0.006207472
0.00207317
0.0002550665
0.0004445616
0.0001125732
0.000440532
0
1.613283e-05
4.522447e-05
7.790922e-05
0
0.0001137275
0.0005448777
0.001377928
0
0
0
0.0005321582
0.000303423
9.012244e-05
0.003484427
0.002363288
0.0008518354
0.001962656
3.322408e-05
6.524161e-05
0.0002977712
0.0003139946
0.0001190845
0.000432566
9.857781e-05
0
0.0006523091
0
0
0.001650702
0.0009448239
0.001690125
0.001217593
0.00403037
4.320766e-05
3.885078e-05
0.0002103343
0.001976353
0.001835065
6.091531e-05
0.0002235914
4.459961e-05
0
0.0006349836
0
0
0
3.89174e-05
0
0.001027473
0.0002178538
0.0002739122
0
0
0.0008498917
0.002786536
0.0002232849
0.001483572
0.0002182234
0.000324736
0.0001347964
0.006770488
0.0002576615
0.001784338
0.0003355366
9.876606e-05
0.004195443
0.003165678
0.007120377
0.001531267
0.003522018
0
0.0001915728
0.0001175229
2.066296e-05
9.964143e-05
0
0.0003069638
2.459151e-05
0
3.235988e-05
0
0
0
0.0005969915
0.001522641
0.0012873
0.0006958374
3.947353e-05
0.0001977065
0.0009671402
0.001023236
0.0003046815
4.212665e-05
0.000259954
0
1.996745e-05
0.0002544016
9.007543e-05
8.496939e-05
0.0002064936
0.0001706618
0.00211118
0.002794358
0.0009139418
0.001473431
0.0002493282
0.003236858
0.003769701
0.0008086891
0.0001337759
0
0.0007160212
0.001735155
0.0001529559
0
0.0005154753
0.0006952726
0.0003446938
0.001359674
0
0
7.008794e-05
2.321427e-05
0
0
0
0
3.21895e-05
0.0001700863
4.301466e-05
0
0
0.000205946
0.001109856
0.001320718
0.004680469
0.01085373
0.0007203272
0.001540733
0.0003249751
0
0.008401247
0.01423005
0.002975718
0.002453569
0.0007235485
0.0001081722
0.0008084177
8.357559e-05
0.0006430797
0.001809578
0.0002544557
0.0008471916
0.0005097068
0
0.003287386
0
0.0007706255
0.0007268405
0.00117647
9.65665e-06
0.001043711
0.002164934
0.0005627585
0.001484208
0.0009060471
0.004306948
0.005920809
2.510872e-06
0
0.0003830424
0.0002222636
0
0.0003097223
0.0001889904
0.0006017763
0.0006960894
0.0005265195
0.000490157
9.446807e-05
0.00112108
6.341642e-05
0.0007574221
0.0001154592
0.0004695222
6.368013e-05
0.000289013
0.0001371201
7.458421e-05
0.0001004828
0.002555378
0.0002057508
0.0001193604
0.000321777
0.001955655
0.0004604145
0.0003014275
0.005575759
0.000506705
0.0003649648
0.0004159295
0.000902298
0.0004698939
0.0006863906
5.781489e-05
0.0003954374
0.0001342539
0.0007501567
0.003492203
0.001665729
0.00191071
0.0002341861
0.0001864995
0.0002609736
0.0002177366
0.0007952901
0.004269969
0.002648527
0.0005814892
0.007953896
0.001900134
0.002860863
0.0003043789
0.0007651697
0.00260077
1.31701e-05
0
0.0002596634
0.0002743562
0.0001343409
0.0002807395
0.0005150323
0.001327119
0.0006309218
0.0003360303
0.0001234466
1.31685e-05
0.0004419983
0.0004369084
0.001106685
0.002156355
0.000339879
2.765792e-05
0.0009316038
0.002949401
5.463641e-05
0.0008215947
0.00122263
0.0003790283
0.0008246073
0.0004845586
0.0002548247
0.000498412
2.538888e-06
0.001445901
0
0.0001192919
0.000143318
8.071385e-05
0.0005937748
8.678041e-05
0.0001255772
0.002066387
0.001377509
0.001406854
0.001653985
0.0003475321
0.003188657
0.0002121036
1.669765e-05
0.0003263159
0.0001692313
0
0.0002047678
0
0.0006375238
0.00404436
9.435798e-05
0.0005829091
0.0004980026
0.0001350778
0.0002245733
0.0002114404
0.002074271
0.000616667
0.005554544
0.002895391
0.000329007
0.0006278173
0.004360637
0.003338468
0.0009649728
7.131342e-05
5.332054e-05
0.005386213
0.001765745
0.007251021
4.609454e-06
0.000390901
0.003982035
0.002479881
0.004893518
0.004569653
0.0008568572
0.0009386398
0.000176954
0.0005415985
0.004708634
0.001702326
0.000329007
0.0006278173
0.004360637
0.003338468
0.0009649728
7.131342e-05
5.332054e-05
0.005386213
0.001765745
0.007251021
4.609454e-06
0.000390901
0.003982035
0.002479881
0.004893518
0.004569653
0.0008568572
0.0009386398
0.000176954
0.0005415985
0.004708634
0.001702326
0.002753504
0.004939752
0.005670673
0.0009702197
0.003790676
0.00173938
0.004055327
0.001803674
2.71138e-05
4.635155e-05
0.000152065
0.0005856579
0.0003207262
3.429232e-06
0.002227654
0.004125107
0.001956924
0.002342599
0
0
0.007906486
0.001610719
0.005150017
0.0003811694
0.0009202515
0.0002588448
0.005101154
0.005725764
6.499688e-05
0
0.0008262577
0.001328533
0.002609248
0.0006780606
0.02431457
0.01866229
0.0126383
0.01089861
0.002296486
0.001477531
0.0006343269
0.002114314
0
0.00186982
0
0
7.76805e-06
0.001692674
0.0002052881
0.0010004
0.00106926
0.001468949
0.0006859865
0.005229714
9.950663e-05
0
0.00474639
0.001753974
0.0003212285
0.0002485821
0.0004486616
0.002085152
0
0
0.001743138
0.0007771074
0.0002120735
0.0001637065
0.003492102
0.0004083238
0.007970655
0.002114323
0.0006737741
0.0001801435
0.001184375
0.00041223
0.0009807251
0.0003598111
0.002198267
0.001254349
0
0.002097517
5.955144e-05
0.0003154533
0.0002023506
7.94934e-05
0
0.0008153497
6.476925e-05
0.0004629706
0.007311334
0.0003851332
0.0009453763
0.0005054506
0.0001622443
0.0009473094
0.002125328
0.0005912631
0.001306005
0.0003046249
0.001157293
0.0001012648
0.002156038
0.001227426
0.001778807
0.001154007
5.975141e-05
0.0006767444
1.327618e-05
0
0
0
0.0001423114
0.0001753753
0.0001097201
0.000212159
0.0003694745
0.0002925036
0.001819312
0.0002734115
0.0001197711
0
0.0005283048
2.163967e-05
0.0002683371
1.02147e-05
0.0001976733
5.840675e-06
0.0009100782
0
0.0003077043
3.699534e-05
0.0002276133
2.837243e-05
0.0007943153
2.833137e-05
0
0.0003349868
0.0002093144
0.002245663
0.0001869351
0.0001632422
0.0001419847
0
0.0004751589
0.0001926485
0
0
0
0
0
0
3.713315e-06
2.707052e-05
0
0
0.0001567917
0
0
0.0002827026
0.0005766408
0.000910099
1.255685e-05
0
0.002356303
0.0007431634
0.000497425
0
0.001086323
0.0002309263
0.0003220387
0.001029545
0.0009410002
0.0005813775
0
0
0.005432969
0.003074418
0.0005030734
3.392138e-05
0.0001742777
0.0006681491
0.0002194652
0.005469739
0
0
0.002846255
0.0004107399
0.0004932529
0.00196129
0.00328565
0.002964769
0.004951684
0.005272752
0.0048873
0.002873318
0
0.0003277283
0
0
1.133503e-05
0
0.0006133697
0.0005351191
0.0004916962
0.0005906437
0
0.001311234
0.0008250806
0.0005854979
0.004913515
0.004055739
0.0009963242
0.0001657956
1.937128e-05
0
0.000127366
0.0001033787
0.0008161132
0.001954697
5.747111e-05
0.0003012201
0.001226903
0.0006309748
0.0006165717
0.0009664974
0.0005827476
0.0004015953
0.001811189
0.002254787
0.0002056096
5.777752e-05
0
3.660571e-05
0
8.073587e-05
0.0001690892
0
0
0.0008178502
2.391474e-06
0.0001855407
3.437362e-05
0.0002134462
0.002213048
0.0004527789
0.003182813
0.0001167904
0.0001460155
0.000446959
0.0004805212
0.0008420633
0.001218556
3.373107e-05
0.00166433
0.001101673
0.0001550821
0.001422843
0.0003604773
9.453024e-05
0.00146202
0.002587153
3.221913e-05
0.008236831
0.002652475
0.003418309
6.029465e-06
0
8.403024e-05
0
0.0002289243
0.0003900308
0.002080701
0.0002580886
0.001184177
0.000424587
0
0.0001881336
0.0001880686
0.003505721
0.0002957399
2.795228e-05
0
0.001895686
0.000116012
0.003345176
0.001732069
0.001193596
0.00194408
0.0004754484
0.00223538
0.001312838
0
0.0001626942
0
0.002419108
9.740375e-05
0.0003660591
0
0.0002547578
0.0007515918
0.0005506481
0.002241207
0.0004534391
9.574713e-05
0.0004912915
0.0001924376
0.0002299754
0
0.0005458982
0.0004111819
0.0001316555
0
0.0001526214
3.816771e-05
0.0003133914
0.000141104
0.006458922
9.121755e-05
0.0009631299
4.080081e-07
1.250765e-05
0
0
0.0009268192
0.001321784
0.0006335057
0.0002365319
0.0003089292
2.745391e-05
0.0005885462
7.827365e-05
0.0002480017
0.001215939
0.0003243803
0.001521577
0.0001907488
0.0007858864
0.003456298
0.0008165939
0.0005095134
0.0002720273
0.001127658
0.0004181765
0
0
0.000398234
0
0.0004019833
0.001036843
0.0006389893
0
0.0002579072
0.006431228
0
0.0003914763
0.0001427629
9.766559e-05
0.000415153
0.001239883
0.001250035
0.001429902
0.0007974988
0.0009243567
0.002249385
0
0.0004862564
0.0003895522
0.0013022
0.0008846646
0.002847573
0.006990287
0.001673498
0.0005465872
2.801687e-05
0.0008124151
0.0003199155
0.00164338
0.0007702098
7.937825e-05
0
1.052244e-05
0
0
0
0
7.506669e-05
0
0
0
0.0009059858
0.001954809
0.002009849
0
0.00463554
0.01096207
0.0003782048
0.001457224
0.0003773561
7.00176e-05
0.0002730713
0.0003290131
0.0005796831
0.002667211
0.001771565
0.00177794
8.947154e-05
8.065779e-05
1.002471e-05
5.160465e-05
0.001057927
0.001070314
0.000103356
0.0002947356
0.006207472
0.00207317
0.0002550665
0.0004445616
0.0001125732
0.000440532
0
1.613283e-05
4.522447e-05
7.790922e-05
0
0.0001137275
0.0005448777
0.001377928
0
0
0
0.0005321582
0.000303423
9.012244e-05
0.003484427
0.002363288
0.0008518354
0.001962656
3.322408e-05
6.524161e-05
0.0002977712
0.0003139946
0.0001190845
0.000432566
9.857781e-05
0
0.0006523091
0
0
0.001650702
0.0009448239
0.001690125
0.001217593
0.00403037
4.320766e-05
3.885078e-05
0.0002103343
0.001976353
0.001835065
6.091531e-05
0.0002235914
4.459961e-05
0
0.0006349836
0
0
0
3.89174e-05
0
0.001027473
0.0002178538
0.0002739122
0
0
0.0008498917
0.002786536
0.0002232849
0.001483572
0.0002182234
0.000324736
0.0001347964
0.006770488
0.0002576615
0.001784338
0.0003355366
9.876606e-05
0.004195443
0.003165678
0.007120377
0.001531267
0.003522018
0
0.0001915728
0.0001175229
2.066296e-05
9.964143e-05
0
0.0003069638
2.459151e-05
0
3.235988e-05
0
0
0
0.0005969915
0.001522641
0.0012873
0.0006958374
3.947353e-05
0.0001977065
0.0009671402
0.001023236
0.0003046815
4.212665e-05
0.000259954
0
1.996745e-05
0.0002544016
9.007543e-05
8.496939e-05
0.0002064936
0.0001706618
0.00211118
0.002794358
0.0009139418
0.001473431
0.0002493282
0.003236858
0.003769701
0.0008086891
0.0001337759
0
0.0007160212
0.001735155
0.0001529559
0
0.0005154753
0.0006952726
0.0003446938
0.001359674
0
0
7.008794e-05
2.321427e-05
0
0
0
0
3.21895e-05
0.0001700863
4.301466e-05
0
0
0.000205946
0.001109856
0.001320718
0.004680469
0.01085373
0.0007203272
0.001540733
0.0003249751
0
0.008401247
0.01423005
0.002975718
0.002453569
0.0007235485
0.0001081722
0.0008084177
8.357559e-05
0.0006430797
0.001809578
0.0002544557
0.0008471916
0.0005097068
0
0.003287386
0
0.0007706255
0.0007268405
0.00117647
9.65665e-06
0.001043711
0.002164934
0.0005627585
0.001484208
0.0009060471
0.004306948
0.005920809
2.510872e-06
0
0.0003830424
0.0002222636
0
0.0003097223
0.0001889904
0.0006017763
0.0006960894
0.0005265195
0.000490157
9.446807e-05
0.00112108
6.341642e-05
0.0007574221
0.0001154592
0.0004695222
6.368013e-05
0.000289013
0.0001371201
7.458421e-05
0.0001004828
0.002555378
0.0002057508
0.0001193604
0.000321777
0.001955655
0.0004604145
0.0003014275
0.005575759
0.000506705
0.0003649648
0.0004159295
0.000902298
0.0004698939
0.0006863906
5.781489e-05
0.0003954374
0.0001342539
0.0007501567
0.003492203
0.001665729
0.00191071
0.0002341861
0.0001864995
0.0002609736
0.0002177366
0.0007952901
0.004269969
0.002648527
0.0005814892
0.007953896
0.001900134
0.002860863
0.0003043789
0.0007651697
0.00260077
1.31701e-05
0
0.0002596634
0.0002743562
0.0001343409
0.0002807395
0.0005150323
0.001327119
0.0006309218
0.0003360303
0.0001234466
1.31685e-05
0.0004419983
0.0004369084
0.001106685
0.002156355
0.000339879
2.765792e-05
0.0009316038
0.002949401
5.463641e-05
0.0008215947
0.00122263
0.0003790283
0.0008246073
0.0004845586
0.0002548247
0.000498412
2.538888e-06
0.001445901
0
0.0001192919
0.000143318
8.071385e-05
0.0005937748
8.678041e-05
0.0001255772
0.002066387
0.001377509
0.001406854
0.001653985
0.0003475321
0.003188657
0.0002121036
1.669765e-05
0.0003263159
0.0001692313
0
0.0002047678
0
0.0006375238
0.00404436
9.435798e-05
0.0005829091
0.0004980026
0.0001350778
0.0002245733
0.0002114404
0.002074271
0.000616667
0.005554544
0.002895391
0.000329007
0.0006278173
0.004360637
0.003338468
0.0009649728
7.131342e-05
5.332054e-05
0.005386213
0.001765745
0.007251021
4.609454e-06
0.000390901
0.003982035
0.002479881
0.004893518
0.004569653
0.0008568572
0.0009386398
0.000176954
0.0005415985
0.004708634
0.001702326
0.000329007
0.0006278173
0.004360637
0.003338468
0.0009649728
7.131342e-05
5.332054e-05
0.005386213
0.001765745
0.007251021
4.609454e-06
0.000390901
0.003982035
0.002479881
0.004893518
0.004569653
0.0008568572
0.0009386398
0.000176954
0.0005415985
0.004708634
0.001702326
0.002753504
0.004939752
0.005670673
0.0009702197
0.003790676
0.00173938
0.004055327
0.001803674
2.71138e-05
4.635155e-05
0.000152065
0.0005856579
0.0003207262
3.429232e-06
0.002227654
0.004125107
0.001956924
0.002342599
0
0
0.007906486
0.001610719
0.005150017
0.0003811694
0.0009202515
0.0002588448
0.005101154
0.005725764
6.499688e-05
0
0.0008262577
0.001328533
0.002609248
0.0006780606
0.02431457
0.01866229
0.0126383
0.01089861
0.002296486
0.001477531
0.0006343269
0.002114314
0
0.00186982
0
0
7.76805e-06
0.001692674
0.0002052881
0.0010004
0.00106926
0.001468949
0.0006859865
0.005229714
9.950663e-05
0
0.00474639
0.001753974
0.0003212285
0.0002485821
0.0004486616
0.002085152
0
0
0.001743138
0.0007771074
0.0002120735
0.0001637065
0.003492102
0.0004083238
0.007970655
0.002114323
0.0006737741
0.0001801435
0.001184375
0.00041223
0.0009807251
0.0003598111
0.002198267
0.001254349
0
0.002097517
5.955144e-05
0.0003154533
0.0002023506
7.94934e-05
0
0.0008153497
6.476925e-05
0.0004629706
0.007311334
0.0003851332
0.0009453763
0.0005054506
0.0001622443
0.0009473094
0.002125328
0.0005912631
0.001306005
0.0003046249
0.001157293
0.0001012648
0.002156038
0.001227426
0.001778807
0.001154007
5.975141e-05
0.0006767444
1.327618e-05
0
0
0
0.0001423114
0.0001753753
0.0001097201
0.000212159
0.0003694745
0.0002925036
0.001819312
0.0002734115
0.0001197711
0
0.0005283048
2.163967e-05
0.0002683371
1.02147e-05
0.0001976733
5.840675e-06
0.0009100782
0
0.0003077043
3.699534e-05
0.0002276133
2.837243e-05
0.0007943153
2.833137e-05
0
0.0003349868
0.0002093144
0.002245663
0.0001869351
0.0001632422
0.0001419847
0
0.0004751589
0.0001926485
0
0
0
0
0
0
3.713315e-06
2.707052e-05
0
0
0.0001567917
0
0
0.0002827026
0.0005766408
0.000910099
1.255685e-05
0
0.002356303
0.0007431634
0.000497425
0
0.001086323
0.0002309263
0.0003220387
0.001029545
0.0009410002
0.0005813775
0
0
0.005432969
0.003074418
0.0005030734
3.392138e-05
0.0001742777
0.0006681491
0.0002194652
0.005469739
0
0
0.002846255
0.0004107399
0.0004932529
0.00196129
0.00328565
0.002964769
0.004951684
0.005272752
0.0048873
0.002873318
0
0.0003277283
0
0
1.133503e-05
0
0.0006133697
0.0005351191
0.0004916962
0.0005906437
0
0.001311234
0.0008250806
0.0005854979
0.004913515
0.004055739
0.0009963242
0.0001657956
1.937128e-05
0
0.000127366
0.0001033787
0.0008161132
0.001954697
5.747111e-05
0.0003012201
0.001226903
0.0006309748
0.0006165717
0.0009664974
0.0005827476
0.0004015953
0.001811189
0.002254787
0.0002056096
5.777752e-05
0
3.660571e-05
0
8.073587e-05
0.0001690892
0
0
0.0008178502
2.391474e-06
0.0001855407
3.437362e-05
0.0002134462
0.002213048
0.0004527789
0.003182813
0.0001167904
0.0001460155
0.000446959
0.0004805212
0.0008420633
0.001218556
3.373107e-05
0.00166433
0.001101673
0.0001550821
0.001422843
0.0003604773
9.453024e-05
0.00146202
0.002587153
3.221913e-05
0.008236831
0.002652475
0.003418309
6.029465e-06
0
8.403024e-05
0
0.0002289243
0.0003900308
0.002080701
0.0002580886
0.001184177
0.000424587
0
0.0001881336
0.0001880686
0.003505721
0.0002957399
2.795228e-05
0
0.001895686
0.000116012
0.003345176
0.001732069
0.001193596
0.00194408
0.0004754484
0.00223538
0.001312838
0
0.0001626942
0
0.002419108
9.740375e-05
0.0003660591
0
0.0002547578
0.0007515918
0.0005506481
0.002241207
0.0004534391
9.574713e-05
0.0004912915
0.0001924376
0.0002299754
0
0.0005458982
0.0004111819
0.0001316555
0
0.0001526214
3.816771e-05
0.0003133914
0.000141104
0.006458922
9.121755e-05
0.0009631299
4.080081e-07
1.250765e-05
0
0
6.029465e-06
0
8.403024e-05
0
0.0002289243
0.0003900308
0.002080701
0.0002580886
0.001184177
0.000424587
0
0.0001881336
0.0001880686
0.003505721
0.0002957399
2.795228e-05
0
0.001895686
0.000116012
0.003345176
0.001732069
0.001193596
0.00194408
0.0004754484
0.00223538
0.001312838
0
0.0001626942
0
0.002419108
9.740375e-05
0.0003660591
0
0.0002547578
0.0007515918
0.0005506481
0.002241207
0.0004534391
9.574713e-05
0.0004912915
0.0001924376
0.0002299754
0
0.0005458982
0.0004111819
0.0001316555
0
0.0001526214
3.816771e-05
0.0003133914
0.000141104
0.006458922
9.121755e-05
0.0009631299
4.080081e-07
1.250765e-05
0
0
3.207637e-05
0.0009196859
0.0003644029
8.135868e-05
0.003758056
0.00052268
0.0004885233
0.0002864796
0.0007754945
0.0003352382
2.063487e-05
0.002307697
0
0.0002136778
0.000666273
0.001433784
0.0009105838
0.001516425
0.0006039757
0.001195924
0.001395326
0.002785332
0.001446017
0.0003397818
0.0002659968
0
3.456814e-05
0
0.0004438342
0.002556788
0.0002597923
0
0.003563827
0.0002382844
0.001840453
2.8615e-05
0.001077763
0.001448019
0.0003851182
0.0009291335
0.001455897
0.0019999
5.653544e-05
0.0004827333
0.0003755501
0.001417523
0.003578584
0.002073619
0.002486882
0.002269346
1.767915e-05
8.826642e-05
0.001087881
0.0001035747
0.000394264
0
4.118905e-05
0.000957217
3.829712e-05
0
3.861213e-05
0
0.00012205
0.0003156083
0.0009833603
0.0006610882
4.257339e-05
0.000112349
0.0007497401
0.0006501143
0.002970748
0.0005453368
0.001968258
0.0008852261
0.004481502
0.00637064
0.0001427843
0.004258676
4.883296e-05
1.448144e-05
0.01361947
0.0004002658
0.00115452
0.0007253234
0.0006879261
0.0006945774
0
2.572402e-05
0.0008134155
0.005714128
0
0.001913743
0.008312506
0.002382462
0.001514661
0.0004781884
0.0007904989
0
0.001986209
0.0003604432
0.002166958
0.005242533
0.0001350513
0
0.0001885949
0.0001730899
0
0
0.0005915416
9.914977e-05
3.060738e-05
0.000198254
0.001374686
0
6.722443e-05
0.0002188692
0.001220493
0.003437004
0.0006433978
0.002254967
0
0.001431501
0.0002160976
0.0002014051
5.340127e-05
0.0007121722
0.0003541687
7.930784e-05
0
0.0005217326
8.190166e-05
0.0002759263
5.812079e-05
0.001400597
0.005415482
0.003559044
0.004311188
0.008092268
0.0002079955
0.003306309
0
0.0003256346
3.986734e-05
0.0001058167
0
0.0006130427
0.002822229
0.0005799966
0
0.0001945663
5.417465e-05
0.0001333867
0.001043175
0.0009693925
0.0006107241
0.0003043093
0.003340411
0.002115734
0.00160758
0.001017212
0.0008440639
0.0001227953
0.001126376
0.0006424516
8.235252e-05
0.0002368302
0.0001695103
0.0001635746
0.0003659864
0.001240764
0.0006328929
0.0003667731
0
0.0002626527
8.732005e-05
0.001390675
0
0.000109384
0.0002124759
0
0.0001701218
8.776339e-05
0.0009504911
4.089007e-05
0.007341086
0.004612791
0.001101187
0.0004922443
0.0007560803
0.0002563844
0.001424771
0
0
0.003079527
0.006849803
0.002901969
0.004067284
0.0003403784
0.0003019294
0.000108933
0.0002475241
0.0001828166
0.004748452
0.003488037
0.0004618648
0.000192696
0.0004283702
0.001200856
0.0002134884
0.0002175677
0.0001888269
0
0.001081528
0.0002952382
0.0004242531
0.0001933395
0.0005102433
1.842257e-05
0
0.0006883469
0
0
4.490446e-05
0
0
0.0006383814
0
0.0001853664
0.00297563
0.001823631
3.98843e-05
1.835191e-05
0.002501653
0.00102702
0.003285924
0.0003728329
0.0003878003
0.0004941008
0.0001027981
0.0002514673
0.000405124
0.0002997007
2.314489e-05
0
0.001116362
9.681262e-05
0.000344605
0.0004312325
0.000138324
0.0001651486
0.0001395667
0.0001783504
0.002045239
0.0001818549
0
0.0006825733
0.0003097282
0.001801771
0.002106815
0.002771954
0.001464937
0.0002699601
0.001188669
0.002277611
7.761478e-05
0
9.16068e-05
0
0.0003754702
0.0004041329
0.000351453
0
8.297453e-05
0.001198751
0
5.366356e-05
0.0004179095
0
0.01222789
0.0002373312
0.0009268192
0.001321784
0.0006335057
0.0002365319
0.0003089292
2.745391e-05
0.0005885462
7.827365e-05
0.0002480017
0.001215939
0.0003243803
0.001521577
0.0001907488
0.0007858864
0.003456298
0.0008165939
0.0005095134
0.0002720273
0.001127658
0.0004181765
0
0
0.000398234
0
0.0004019833
0.001036843
0.0006389893
0
0.0002579072
0.006431228
0
0.0003914763
0.0001427629
9.766559e-05
0.000415153
0.001239883
0.001250035
0.001429902
0.0007974988
0.0009243567
0.002249385
0
0.0004862564
0.0003895522
0.0013022
0.0008846646
0.002847573
0.006990287
0.001673498
0.0005465872
2.801687e-05
0.0008124151
0.0003199155
0.00164338
0.0007702098
7.937825e-05
0
1.052244e-05
0
0
0
0
7.506669e-05
0
0
0
0.0009059858
0.001954809
0.002009849
0
0.00463554
0.01096207
0.0003782048
0.001457224
0.0003773561
7.00176e-05
0.0002730713
0.0003290131
0.0005796831
0.002667211
0.001771565
0.00177794
8.947154e-05
8.065779e-05
1.002471e-05
5.160465e-05
0.001057927
0.001070314
0.000103356
0.0002947356
0.006207472
0.00207317
0.0002550665
0.0004445616
0.0001125732
0.000440532
0
1.613283e-05
4.522447e-05
7.790922e-05
0
0.0001137275
0.0005448777
0.001377928
0
0
0
0.0005321582
0.000303423
9.012244e-05
0.003484427
0.002363288
0.0008518354
0.001962656
3.322408e-05
6.524161e-05
0.0002977712
0.0003139946
0.0001190845
0.000432566
9.857781e-05
0
0.0006523091
0
0
0.001650702
0.0009448239
0.001690125
0.001217593
0.00403037
4.320766e-05
3.885078e-05
0.0002103343
0.001976353
0.001835065
6.091531e-05
0.0002235914
4.459961e-05
0
0.0006349836
0
0
0
3.89174e-05
0
0.001027473
0.0002178538
0.0002739122
0
0
0.0008498917
0.002786536
0.0002232849
0.001483572
0.0002182234
0.000324736
0.0001347964
0.006770488
0.0002576615
0.001784338
0.0003355366
9.876606e-05
0.004195443
0.003165678
0.007120377
0.001531267
0.003522018
0
0.0001915728
0.0001175229
2.066296e-05
9.964143e-05
0
0.0003069638
2.459151e-05
0
3.235988e-05
0
0
0
0.0005969915
0.001522641
0.0012873
0.0006958374
3.947353e-05
0.0001977065
0.0009671402
0.001023236
0.0003046815
4.212665e-05
0.000259954
0
1.996745e-05
0.0002544016
9.007543e-05
8.496939e-05
0.0002064936
0.0001706618
0.00211118
0.002794358
0.0009139418
0.001473431
0.0002493282
0.003236858
0.003769701
0.0008086891
0.0001337759
0
0.0007160212
0.001735155
0.0001529559
0
0.0005154753
0.0006952726
0.0003446938
0.001359674
0
0
7.008794e-05
2.321427e-05
0
0
0
0
3.21895e-05
0.0001700863
4.301466e-05
0
0
0.000205946
0.001109856
0.001320718
0.004680469
0.01085373
0.0007203272
0.001540733
0.0003249751
0
0.008401247
0.01423005
0.002975718
0.002453569
0.0007235485
0.0001081722
0.0008084177
8.357559e-05
0.0006430797
0.001809578
0.0002544557
0.0008471916
0.0005097068
0
0.003287386
0
0.0007706255
0.0007268405
0.00117647
9.65665e-06
0.001043711
0.002164934
0.0005627585
0.001484208
0.0009060471
0.004306948
0.005920809
2.510872e-06
0
0.0003830424
0.0002222636
0
0.0003097223
0.0001889904
0.0006017763
0.0006960894
0.0005265195
0.000490157
9.446807e-05
0.00112108
6.341642e-05
0.0007574221
0.0001154592
0.0004695222
6.368013e-05
0.000289013
0.0001371201
7.458421e-05
0.0001004828
0.002555378
0.0002057508
0.0001193604
0.000321777
0.001955655
0.0004604145
0.0003014275
0.005575759
0.000506705
0.0003649648
0.0004159295
0.000902298
0.0004698939
0.0006863906
5.781489e-05
0.0003954374
0.0001342539
0.0007501567
0.003492203
0.001665729
0.00191071
0.0002341861
0.0001864995
0.0002609736
0.0002177366
0.0007952901
0.004269969
0.002648527
0.0005814892
0.007953896
0.001900134
0.002860863
0.0003043789
0.0007651697
0.00260077
1.31701e-05
0
0.0002596634
0.0002743562
0.0001343409
0.0002807395
0.0005150323
0.001327119
0.0006309218
0.0003360303
0.0001234466
1.31685e-05
0.0004419983
0.0004369084
0.001106685
0.002156355
0.000339879
2.765792e-05
0.0009316038
0.002949401
5.463641e-05
0.0008215947
0.00122263
0.0003790283
0.0008246073
0.0004845586
0.0002548247
0.000498412
2.538888e-06
0.001445901
0
0.0001192919
0.000143318
8.071385e-05
0.0005937748
8.678041e-05
0.0001255772
0.002066387
0.001377509
0.001406854
0.001653985
0.0003475321
0.003188657
0.0002121036
1.669765e-05
0.0003263159
0.0001692313
0
0.0002047678
0
0.0006375238
0.00404436
9.435798e-05
0.0005829091
0.0004980026
0.0001350778
0.0002245733
0.0002114404
0.002074271
0.000616667
0.005554544
0.002895391
0.000329007
0.0006278173
0.004360637
0.003338468
0.0009649728
7.131342e-05
5.332054e-05
0.005386213
0.001765745
0.007251021
4.609454e-06
0.000390901
0.003982035
0.002479881
0.004893518
0.004569653
0.0008568572
0.0009386398
0.000176954
0.0005415985
0.004708634
0.001702326
0.000329007
0.0006278173
0.004360637
0.003338468
0.0009649728
7.131342e-05
5.332054e-05
0.005386213
0.001765745
0.007251021
4.609454e-06
0.000390901
0.003982035
0.002479881
0.004893518
0.004569653
0.0008568572
0.0009386398
0.000176954
0.0005415985
0.004708634
0.001702326
0.002753504
0.004939752
0.005670673
0.0009702197
0.003790676
0.00173938
0.004055327
0.001803674
2.71138e-05
4.635155e-05
0.000152065
0.0005856579
0.0003207262
3.429232e-06
0.002227654
0.004125107
0.001956924
0.002342599
0
0
0.007906486
0.001610719
0.005150017
0.0003811694
0.0009202515
0.0002588448
0.005101154
0.005725764
6.499688e-05
0
0.0008262577
0.001328533
0.002609248
0.0006780606
0.02431457
0.01866229
0.0126383
0.01089861
0.002296486
0.001477531
0.0006343269
0.002114314
0
0.00186982
0
0
7.76805e-06
0.001692674
0.0002052881
0.0010004
0.00106926
0.001468949
0.0006859865
0.005229714
9.950663e-05
0
0.00474639
0.001753974
0.0003212285
0.0002485821
0.0004486616
0.002085152
0
0
0.001743138
0.0007771074
0.0002120735
0.0001637065
0.003492102
0.0004083238
0.007970655
0.002114323
0.0006737741
0.0001801435
0.001184375
0.00041223
0.0009807251
0.0003598111
0.002198267
0.001254349
0
0.002097517
5.955144e-05
0.0003154533
0.0002023506
7.94934e-05
0
0.0008153497
6.476925e-05
0.0004629706
0.007311334
0.0003851332
0.0009453763
0.0005054506
0.0001622443
0.0009473094
0.002125328
0.0005912631
0.001306005
0.0003046249
0.001157293
0.0001012648
0.002156038
0.001227426
0.001778807
0.001154007
5.975141e-05
0.0006767444
1.327618e-05
0
0
0
0.0001423114
0.0001753753
0.0001097201
0.000212159
0.0003694745
0.0002925036
0.001819312
0.0002734115
0.0001197711
0
0.0005283048
2.163967e-05
0.0002683371
1.02147e-05
0.0001976733
5.840675e-06
0.0009100782
0
0.0003077043
3.699534e-05
0.0002276133
2.837243e-05
0.0007943153
2.833137e-05
0
0.0003349868
0.0002093144
0.002245663
0.0001869351
0.0001632422
0.0001419847
0
0.0004751589
0.0001926485
0
0
0
0
0
0
3.713315e-06
2.707052e-05
0
0
0.0001567917
0
0
0.0002827026
0.0005766408
0.000910099
1.255685e-05
0
0.002356303
0.0007431634
0.000497425
0
0.001086323
0.0002309263
0.0003220387
0.001029545
0.0009410002
0.0005813775
0
0
0.005432969
0.003074418
0.0005030734
3.392138e-05
0.0001742777
0.0006681491
0.0002194652
0.005469739
0
0
0.002846255
0.0004107399
0.0004932529
0.00196129
0.00328565
0.002964769
0.004951684
0.005272752
0.0048873
0.002873318
0
0.0003277283
0
0
1.133503e-05
0
0.0006133697
0.0005351191
0.0004916962
0.0005906437
0
0.001311234
0.0008250806
0.0005854979
0.004913515
0.004055739
0.0009963242
0.0001657956
1.937128e-05
0
0.000127366
0.0001033787
0.0008161132
0.001954697
5.747111e-05
0.0003012201
0.001226903
0.0006309748
0.0006165717
0.0009664974
0.0005827476
0.0004015953
0.001811189
0.002254787
0.0002056096
5.777752e-05
0
3.660571e-05
0
8.073587e-05
0.0001690892
0
0
0.0008178502
2.391474e-06
0.0001855407
3.437362e-05
0.0002134462
0.002213048
0.0004527789
0.003182813
0.0001167904
0.0001460155
0.000446959
0.0004805212
0.0008420633
0.001218556
3.373107e-05
0.00166433
0.001101673
0.0001550821
0.001422843
0.0003604773
9.453024e-05
0.00146202
0.002587153
3.221913e-05
0.008236831
0.002652475
0.003418309
6.029465e-06
0
8.403024e-05
0
0.0002289243
0.0003900308
0.002080701
0.0002580886
0.001184177
0.000424587
0
0.0001881336
0.0001880686
0.003505721
0.0002957399
2.795228e-05
0
0.001895686
0.000116012
0.003345176
0.001732069
0.001193596
0.00194408
0.0004754484
0.00223538
0.001312838
0
0.0001626942
0
0.002419108
9.740375e-05
0.0003660591
0
0.0002547578
0.0007515918
0.0005506481
0.002241207
0.0004534391
9.574713e-05
0.0004912915
0.0001924376
0.0002299754
0
0.0005458982
0.0004111819
0.0001316555
0
0.0001526214
3.816771e-05
0.0003133914
0.000141104
0.006458922
9.121755e-05
0.0009631299
4.080081e-07
1.250765e-05
0
0
6.029465e-06
0
8.403024e-05
0
0.0002289243
0.0003900308
0.002080701
0.0002580886
0.001184177
0.000424587
0
0.0001881336
0.0001880686
0.003505721
0.0002957399
2.795228e-05
0
0.001895686
0.000116012
0.003345176
0.001732069
0.001193596
0.00194408
0.0004754484
0.00223538
0.001312838
0
0.0001626942
0
0.002419108
9.740375e-05
0.0003660591
0
0.0002547578
0.0007515918
0.0005506481
0.002241207
0.0004534391
9.574713e-05
0.0004912915
0.0001924376
0.0002299754
0
0.0005458982
0.0004111819
0.0001316555
0
0.0001526214
3.816771e-05
0.0003133914
0.000141104
0.006458922
9.121755e-05
0.0009631299
4.080081e-07
1.250765e-05
0
0
3.207637e-05
0.0009196859
0.0003644029
8.135868e-05
0.003758056
0.00052268
0.0004885233
0.0002864796
0.0007754945
0.0003352382
2.063487e-05
0.002307697
0
0.0002136778
0.000666273
0.001433784
0.0009105838
0.001516425
0.0006039757
0.001195924
0.001395326
0.002785332
0.001446017
0.0003397818
0.0002659968
0
3.456814e-05
0
0.0004438342
0.002556788
0.0002597923
0
0.003563827
0.0002382844
0.001840453
2.8615e-05
0.001077763
0.001448019
0.0003851182
0.0009291335
0.001455897
0.0019999
5.653544e-05
0.0004827333
0.0003755501
0.001417523
0.003578584
0.002073619
0.002486882
0.002269346
1.767915e-05
8.826642e-05
0.001087881
0.0001035747
0.000394264
0
4.118905e-05
0.000957217
3.829712e-05
0
3.861213e-05
0
0.00012205
0.0003156083
0.0009833603
0.0006610882
4.257339e-05
0.000112349
0.0007497401
0.0006501143
0.002970748
0.0005453368
0.001968258
0.0008852261
0.004481502
0.00637064
0.0001427843
0.004258676
4.883296e-05
1.448144e-05
0.01361947
0.0004002658
0.00115452
0.0007253234
0.0006879261
0.0006945774
0
2.572402e-05
0.0008134155
0.005714128
0
0.001913743
0.008312506
0.002382462
0.001514661
0.0004781884
0.0007904989
0
0.001986209
0.0003604432
0.002166958
0.005242533
0.0001350513
0
0.0001885949
0.0001730899
0
0
0.0005915416
9.914977e-05
3.060738e-05
0.000198254
0.001374686
0
6.722443e-05
0.0002188692
0.001220493
0.003437004
0.0006433978
0.002254967
0
0.001431501
0.0002160976
0.0002014051
5.340127e-05
0.0007121722
0.0003541687
7.930784e-05
0
0.0005217326
8.190166e-05
0.0002759263
5.812079e-05
0.001400597
0.005415482
0.003559044
0.004311188
0.008092268
0.0002079955
0.003306309
0
0.0003256346
3.986734e-05
0.0001058167
0
0.0006130427
0.002822229
0.0005799966
0
0.0001945663
5.417465e-05
0.0001333867
0.001043175
0.0009693925
0.0006107241
0.0003043093
0.003340411
0.002115734
0.00160758
0.001017212
0.0008440639
0.0001227953
0.001126376
0.0006424516
8.235252e-05
0.0002368302
0.0001695103
0.0001635746
0.0003659864
0.001240764
0.0006328929
0.0003667731
0
0.0002626527
8.732005e-05
0.001390675
0
0.000109384
0.0002124759
0
0.0001701218
8.776339e-05
0.0009504911
4.089007e-05
0.007341086
0.004612791
0.001101187
0.0004922443
0.0007560803
0.0002563844
0.001424771
0
0
0.003079527
0.006849803
0.002901969
0.004067284
0.0003403784
0.0003019294
0.000108933
0.0002475241
0.0001828166
0.004748452
0.003488037
0.0004618648
0.000192696
0.0004283702
0.001200856
0.0002134884
0.0002175677
0.0001888269
0
0.001081528
0.0002952382
0.0004242531
0.0001933395
0.0005102433
1.842257e-05
0
0.0006883469
0
0
4.490446e-05
0
0
0.0006383814
0
0.0001853664
0.00297563
0.001823631
3.98843e-05
1.835191e-05
0.002501653
0.00102702
0.003285924
0.0003728329
0.0003878003
0.0004941008
0.0001027981
0.0002514673
0.000405124
0.0002997007
2.314489e-05
0
0.001116362
9.681262e-05
0.000344605
0.0004312325
0.000138324
0.0001651486
0.0001395667
0.0001783504
0.002045239
0.0001818549
0
0.0006825733
0.0003097282
0.001801771
0.002106815
0.002771954
0.001464937
0.0002699601
0.001188669
0.002277611
7.761478e-05
0
9.16068e-05
0
0.0003754702
0.0004041329
0.000351453
0
8.297453e-05
0.001198751
0
5.366356e-05
0.0004179095
0
0.01222789
0.0002373312
3.98843e-05
1.835191e-05
0.002501653
0.00102702
0.003285924
0.0003728329
0.0003878003
0.0004941008
0.0001027981
0.0002514673
0.000405124
0.0002997007
2.314489e-05
0
0.001116362
9.681262e-05
0.000344605
0.0004312325
0.000138324
0.0001651486
0.0001395667
0.0001783504
0.002045239
0.0001818549
0
0.0006825733
0.0003097282
0.001801771
0.002106815
0.002771954
0.001464937
0.0002699601
0.001188669
0.002277611
7.761478e-05
0
9.16068e-05
0
0.0003754702
0.0004041329
0.000351453
0
8.297453e-05
0.001198751
0
5.366356e-05
0.0004179095
0
0.01222789
0.0002373312
0.001474587
0.0001594773
0
5.818333e-05
0.0002204632
0
9.918339e-05
0
0.0002325453
0.0004236138
0
0.0002910686
0.0003515889
0.00103894
0
0
0.0003080327
0.001105981
0.001652331
0.003633874
0.003825095
0.001854095
6.623011e-05
0.0002002269
0.0001121071
0
0.0004586902
0.0008456136
0.003495211
0.000226007
8.723653e-05
0.001096642
0.0007627505
1.240633e-05
0.01232644
0.00387146
0.002712476
0.004247996
0.006629347
0.006905331
0.0009874085
0.000485396
0.005255719
0.001517382
0.002427618
4.415275e-05
0.0008569577
0.0001775149
4.575593e-05
0
5.183351e-05
0.0007649141
4.167224e-05
0.0001691244
0
0.0007602517
0.001044076
0.0003655442
2.609163e-07
0.0003565835
5.850119e-05
0
0.001209355
0
0.001218549
0.001128236
0
0.0006092281
0
0.0001937812
4.051334e-05
0.0002251505
0.001527126
0
0.001312763
3.426484e-05
4.364527e-05
0.000234073
0.0001225949
7.734103e-05
0
0.0005938021
0.0001920331
0.0001370191
0.001205182
2.550138e-05
0.002091913
0.0004604327
0.001006342
0.0001151436
0.00286715
0.001308072
0.0008122387
0.008255565
0.0005760214
0.0004561226
0.001812527
0.001220488
0.001187627
0.0008422251
0.0006940838
0.002198664
0.002395177
0.004047192
0.004621694
0.003657307
0.002301125
0.0007797949
0.002640705
0.0007470603
0.001989394
0.005876614
0
0.0011702
0.000127119
0.0007934816
0.001307512
0.0003715004
0.0003978422
0.003547409
0.002252493
0.003561421
0.001139112
0.002652931
0
0
0.0001800974
0.0003072641
1.90916e-05
8.257056e-05
0.001247918
0
0.0001233677
0.0003332683
4.229264e-05
0.0002768945
0
0.0002483743
0.006103296
0.00514948
0.001889625
0.0004776203
0.0009268192
0.001321784
0.0006335057
0.0002365319
0.0003089292
2.745391e-05
0.0005885462
7.827365e-05
0.0002480017
0.001215939
0.0003243803
0.001521577
0.0001907488
0.0007858864
0.003456298
0.0008165939
0.0005095134
0.0002720273
0.001127658
0.0004181765
0
0
0.000398234
0
0.0004019833
0.001036843
0.0006389893
0
0.0002579072
0.006431228
0
0.0003914763
0.0001427629
9.766559e-05
0.000415153
0.001239883
0.001250035
0.001429902
0.0007974988
0.0009243567
0.002249385
0
0.0004862564
0.0003895522
0.0013022
0.0008846646
0.002847573
0.006990287
0.001673498
0.0005465872
2.801687e-05
0.0008124151
0.0003199155
0.00164338
0.0007702098
7.937825e-05
0
1.052244e-05
0
0
0
0
7.506669e-05
0
0
0
0.0009059858
0.001954809
0.002009849
0
0.00463554
0.01096207
0.0003782048
0.001457224
0.0003773561
7.00176e-05
0.0002730713
0.0003290131
0.0005796831
0.002667211
0.001771565
0.00177794
8.947154e-05
8.065779e-05
1.002471e-05
5.160465e-05
0.001057927
0.001070314
0.000103356
0.0002947356
0.006207472
0.00207317
0.0002550665
0.0004445616
0.0001125732
0.000440532
0
1.613283e-05
4.522447e-05
7.790922e-05
0
0.0001137275
0.0005448777
0.001377928
0
0
0
0.0005321582
0.000303423
9.012244e-05
0.003484427
0.002363288
0.0008518354
0.001962656
3.322408e-05
6.524161e-05
0.0002977712
0.0003139946
0.0001190845
0.000432566
9.857781e-05
0
0.0006523091
0
0
0.001650702
0.0009448239
0.001690125
0.001217593
0.00403037
4.320766e-05
3.885078e-05
0.0002103343
0.001976353
0.001835065
6.091531e-05
0.0002235914
4.459961e-05
0
0.0006349836
0
0
0
3.89174e-05
0
0.001027473
0.0002178538
0.0002739122
0
0
0.0008498917
0.002786536
0.0002232849
0.001483572
0.0002182234
0.000324736
0.0001347964
0.006770488
0.0002576615
0.001784338
0.0003355366
9.876606e-05
0.004195443
0.003165678
0.007120377
0.001531267
0.003522018
0
0.0001915728
0.0001175229
2.066296e-05
9.964143e-05
0
0.0003069638
2.459151e-05
0
3.235988e-05
0
0
0
0.0005969915
0.001522641
0.0012873
0.0006958374
3.947353e-05
0.0001977065
0.0009671402
0.001023236
0.0003046815
4.212665e-05
0.000259954
0
1.996745e-05
0.0002544016
9.007543e-05
8.496939e-05
0.0002064936
0.0001706618
0.00211118
0.002794358
0.0009139418
0.001473431
0.0002493282
0.003236858
0.003769701
0.0008086891
0.0001337759
0
0.0007160212
0.001735155
0.0001529559
0
0.0005154753
0.0006952726
0.0003446938
0.001359674
0
0
7.008794e-05
2.321427e-05
0
0
0
0
3.21895e-05
0.0001700863
4.301466e-05
0
0
0.000205946
0.001109856
0.001320718
0.004680469
0.01085373
0.0007203272
0.001540733
0.0003249751
0
0.008401247
0.01423005
0.002975718
0.002453569
0.0007235485
0.0001081722
0.0008084177
8.357559e-05
0.0006430797
0.001809578
0.0002544557
0.0008471916
0.0005097068
0
0.003287386
0
0.0007706255
0.0007268405
0.00117647
9.65665e-06
0.001043711
0.002164934
0.0005627585
0.001484208
0.0009060471
0.004306948
0.005920809
2.510872e-06
0
0.0003830424
0.0002222636
0
0.0003097223
0.0001889904
0.0006017763
0.0006960894
0.0005265195
0.000490157
9.446807e-05
0.00112108
6.341642e-05
0.0007574221
0.0001154592
0.0004695222
6.368013e-05
0.000289013
0.0001371201
7.458421e-05
0.0001004828
0.002555378
0.0002057508
0.0001193604
0.000321777
0.001955655
0.0004604145
0.0003014275
0.005575759
0.000506705
0.0003649648
0.0004159295
0.000902298
0.0004698939
0.0006863906
5.781489e-05
0.0003954374
0.0001342539
0.0007501567
0.003492203
0.001665729
0.00191071
0.0002341861
0.0001864995
0.0002609736
0.0002177366
0.0007952901
0.004269969
0.002648527
0.0005814892
0.007953896
0.001900134
0.002860863
0.0003043789
0.0007651697
0.00260077
1.31701e-05
0
0.0002596634
0.0002743562
0.0001343409
0.0002807395
0.0005150323
0.001327119
0.0006309218
0.0003360303
0.0001234466
1.31685e-05
0.0004419983
0.0004369084
0.001106685
0.002156355
0.000339879
2.765792e-05
0.0009316038
0.002949401
5.463641e-05
0.0008215947
0.00122263
0.0003790283
0.0008246073
0.0004845586
0.0002548247
0.000498412
2.538888e-06
0.001445901
0
0.0001192919
0.000143318
8.071385e-05
0.0005937748
8.678041e-05
0.0001255772
0.002066387
0.001377509
0.001406854
0.001653985
0.0003475321
0.003188657
0.0002121036
1.669765e-05
0.0003263159
0.0001692313
0
0.0002047678
0
0.0006375238
0.00404436
9.435798e-05
0.0005829091
0.0004980026
0.0001350778
0.0002245733
0.0002114404
0.002074271
0.000616667
0.005554544
0.002895391
0.000329007
0.0006278173
0.004360637
0.003338468
0.0009649728
7.131342e-05
5.332054e-05
0.005386213
0.001765745
0.007251021
4.609454e-06
0.000390901
0.003982035
0.002479881
0.004893518
0.004569653
0.0008568572
0.0009386398
0.000176954
0.0005415985
0.004708634
0.001702326
0.000329007
0.0006278173
0.004360637
0.003338468
0.0009649728
7.131342e-05
5.332054e-05
0.005386213
0.001765745
0.007251021
4.609454e-06
0.000390901
0.003982035
0.002479881
0.004893518
0.004569653
0.0008568572
0.0009386398
0.000176954
0.0005415985
0.004708634
0.001702326
0.002753504
0.004939752
0.005670673
0.0009702197
0.003790676
0.00173938
0.004055327
0.001803674
2.71138e-05
4.635155e-05
0.000152065
0.0005856579
0.0003207262
3.429232e-06
0.002227654
0.004125107
0.001956924
0.002342599
0
0
0.007906486
0.001610719
0.005150017
0.0003811694
0.0009202515
0.0002588448
0.005101154
0.005725764
6.499688e-05
0
0.0008262577
0.001328533
0.002609248
0.0006780606
0.02431457
0.01866229
0.0126383
0.01089861
0.002296486
0.001477531
0.0006343269
0.002114314
0
0.00186982
0
0
7.76805e-06
0.001692674
0.0002052881
0.0010004
0.00106926
0.001468949
0.0006859865
0.005229714
9.950663e-05
0
0.00474639
0.001753974
0.0003212285
0.0002485821
0.0004486616
0.002085152
0
0
0.001743138
0.0007771074
0.0002120735
0.0001637065
0.003492102
0.0004083238
0.007970655
0.002114323
0.0006737741
0.0001801435
0.001184375
0.00041223
0.0009807251
0.0003598111
0.002198267
0.001254349
0
0.002097517
5.955144e-05
0.0003154533
0.0002023506
7.94934e-05
0
0.0008153497
6.476925e-05
0.0004629706
0.007311334
0.0003851332
0.0009453763
0.0005054506
0.0001622443
0.0009473094
0.002125328
0.0005912631
0.001306005
0.0003046249
0.001157293
0.0001012648
0.002156038
0.001227426
0.001778807
0.001154007
5.975141e-05
0.0006767444
1.327618e-05
0
0
0
0.0001423114
0.0001753753
0.0001097201
0.000212159
0.0003694745
0.0002925036
0.001819312
0.0002734115
0.0001197711
0
0.0005283048
2.163967e-05
0.0002683371
1.02147e-05
0.0001976733
5.840675e-06
0.0009100782
0
0.0003077043
3.699534e-05
0.0002276133
2.837243e-05
0.0007943153
2.833137e-05
0
0.0003349868
0.0002093144
0.002245663
0.0001869351
0.0001632422
0.0001419847
0
0.0004751589
0.0001926485
0
0
0
0
0
0
3.713315e-06
2.707052e-05
0
0
0.0001567917
0
0
0.0002827026
0.0005766408
0.000910099
1.255685e-05
0
0.002356303
0.0007431634
0.000497425
0
0.001086323
0.0002309263
0.0003220387
0.001029545
0.0009410002
0.0005813775
0
0
0.005432969
0.003074418
0.0005030734
3.392138e-05
0.0001742777
0.0006681491
0.0002194652
0.005469739
0
0
0.002846255
0.0004107399
0.0004932529
0.00196129
0.00328565
0.002964769
0.004951684
0.005272752
0.0048873
0.002873318
0
0.0003277283
0
0
1.133503e-05
0
0.0006133697
0.0005351191
0.0004916962
0.0005906437
0
0.001311234
0.0008250806
0.0005854979
0.004913515
0.004055739
0.0009963242
0.0001657956
1.937128e-05
0
0.000127366
0.0001033787
0.0008161132
0.001954697
5.747111e-05
0.0003012201
0.001226903
0.0006309748
0.0006165717
0.0009664974
0.0005827476
0.0004015953
0.001811189
0.002254787
0.0002056096
5.777752e-05
0
3.660571e-05
0
8.073587e-05
0.0001690892
0
0
0.0008178502
2.391474e-06
0.0001855407
3.437362e-05
0.0002134462
0.002213048
0.0004527789
0.003182813
0.0001167904
0.0001460155
0.000446959
0.0004805212
0.0008420633
0.001218556
3.373107e-05
0.00166433
0.001101673
0.0001550821
0.001422843
0.0003604773
9.453024e-05
0.00146202
0.002587153
3.221913e-05
0.008236831
0.002652475
0.003418309
6.029465e-06
0
8.403024e-05
0
0.0002289243
0.0003900308
0.002080701
0.0002580886
0.001184177
0.000424587
0
0.0001881336
0.0001880686
0.003505721
0.0002957399
2.795228e-05
0
0.001895686
0.000116012
0.003345176
0.001732069
0.001193596
0.00194408
0.0004754484
0.00223538
0.001312838
0
0.0001626942
0
0.002419108
9.740375e-05
0.0003660591
0
0.0002547578
0.0007515918
0.0005506481
0.002241207
0.0004534391
9.574713e-05
0.0004912915
0.0001924376
0.0002299754
0
0.0005458982
0.0004111819
0.0001316555
0
0.0001526214
3.816771e-05
0.0003133914
0.000141104
0.006458922
9.121755e-05
0.0009631299
4.080081e-07
1.250765e-05
0
0
6.029465e-06
0
8.403024e-05
0
0.0002289243
0.0003900308
0.002080701
0.0002580886
0.001184177
0.000424587
0
0.0001881336
0.0001880686
0.003505721
0.0002957399
2.795228e-05
0
0.001895686
0.000116012
0.003345176
0.001732069
0.001193596
0.00194408
0.0004754484
0.00223538
0.001312838
0
0.0001626942
0
0.002419108
9.740375e-05
0.0003660591
0
0.0002547578
0.0007515918
0.0005506481
0.002241207
0.0004534391
9.574713e-05
0.0004912915
0.0001924376
0.0002299754
0
0.0005458982
0.0004111819
0.0001316555
0
0.0001526214
3.816771e-05
0.0003133914
0.000141104
0.006458922
9.121755e-05
0.0009631299
4.080081e-07
1.250765e-05
0
0
3.207637e-05
0.0009196859
0.0003644029
8.135868e-05
0.003758056
0.00052268
0.0004885233
0.0002864796
0.0007754945
0.0003352382
2.063487e-05
0.002307697
0
0.0002136778
0.000666273
0.001433784
0.0009105838
0.001516425
0.0006039757
0.001195924
0.001395326
0.002785332
0.001446017
0.0003397818
0.0002659968
0
3.456814e-05
0
0.0004438342
0.002556788
0.0002597923
0
0.003563827
0.0002382844
0.001840453
2.8615e-05
0.001077763
0.001448019
0.0003851182
0.0009291335
0.001455897
0.0019999
5.653544e-05
0.0004827333
0.0003755501
0.001417523
0.003578584
0.002073619
0.002486882
0.002269346
1.767915e-05
8.826642e-05
0.001087881
0.0001035747
0.000394264
0
4.118905e-05
0.000957217
3.829712e-05
0
3.861213e-05
0
0.00012205
0.0003156083
0.0009833603
0.0006610882
4.257339e-05
0.000112349
0.0007497401
0.0006501143
0.002970748
0.0005453368
0.001968258
0.0008852261
0.004481502
0.00637064
0.0001427843
0.004258676
4.883296e-05
1.448144e-05
0.01361947
0.0004002658
0.00115452
0.0007253234
0.0006879261
0.0006945774
0
2.572402e-05
0.0008134155
0.005714128
0
0.001913743
0.008312506
0.002382462
0.001514661
0.0004781884
0.0007904989
0
0.001986209
0.0003604432
0.002166958
0.005242533
0.0001350513
0
0.0001885949
0.0001730899
0
0
0.0005915416
9.914977e-05
3.060738e-05
0.000198254
0.001374686
0
6.722443e-05
0.0002188692
0.001220493
0.003437004
0.0006433978
0.002254967
0
0.001431501
0.0002160976
0.0002014051
5.340127e-05
0.0007121722
0.0003541687
7.930784e-05
0
0.0005217326
8.190166e-05
0.0002759263
5.812079e-05
0.001400597
0.005415482
0.003559044
0.004311188
0.008092268
0.0002079955
0.003306309
0
0.0003256346
3.986734e-05
0.0001058167
0
0.0006130427
0.002822229
0.0005799966
0
0.0001945663
5.417465e-05
0.0001333867
0.001043175
0.0009693925
0.0006107241
0.0003043093
0.003340411
0.002115734
0.00160758
0.001017212
0.0008440639
0.0001227953
0.001126376
0.0006424516
8.235252e-05
0.0002368302
0.0001695103
0.0001635746
0.0003659864
0.001240764
0.0006328929
0.0003667731
0
0.0002626527
8.732005e-05
0.001390675
0
0.000109384
0.0002124759
0
0.0001701218
8.776339e-05
0.0009504911
4.089007e-05
0.007341086
0.004612791
0.001101187
0.0004922443
0.0007560803
0.0002563844
0.001424771
0
0
0.003079527
0.006849803
0.002901969
0.004067284
0.0003403784
0.0003019294
0.000108933
0.0002475241
0.0001828166
0.004748452
0.003488037
0.0004618648
0.000192696
0.0004283702
0.001200856
0.0002134884
0.0002175677
0.0001888269
0
0.001081528
0.0002952382
0.0004242531
0.0001933395
0.0005102433
1.842257e-05
0
0.0006883469
0
0
4.490446e-05
0
0
0.0006383814
0
0.0001853664
0.00297563
0.001823631
3.98843e-05
1.835191e-05
0.002501653
0.00102702
0.003285924
0.0003728329
0.0003878003
0.0004941008
0.0001027981
0.0002514673
0.000405124
0.0002997007
2.314489e-05
0
0.001116362
9.681262e-05
0.000344605
0.0004312325
0.000138324
0.0001651486
0.0001395667
0.0001783504
0.002045239
0.0001818549
0
0.0006825733
0.0003097282
0.001801771
0.002106815
0.002771954
0.001464937
0.0002699601
0.001188669
0.002277611
7.761478e-05
0
9.16068e-05
0
0.0003754702
0.0004041329
0.000351453
0
8.297453e-05
0.001198751
0
5.366356e-05
0.0004179095
0
0.01222789
0.0002373312
3.98843e-05
1.835191e-05
0.002501653
0.00102702
0.003285924
0.0003728329
0.0003878003
0.0004941008
0.0001027981
0.0002514673
0.000405124
0.0002997007
2.314489e-05
0
0.001116362
9.681262e-05
0.000344605
0.0004312325
0.000138324
0.0001651486
0.0001395667
0.0001783504
0.002045239
0.0001818549
0
0.0006825733
0.0003097282
0.001801771
0.002106815
0.002771954
0.001464937
0.0002699601
0.001188669
0.002277611
7.761478e-05
0
9.16068e-05
0
0.0003754702
0.0004041329
0.000351453
0
8.297453e-05
0.001198751
0
5.366356e-05
0.0004179095
0
0.01222789
0.0002373312
0.001474587
0.0001594773
0
5.818333e-05
0.0002204632
0
9.918339e-05
0
0.0002325453
0.0004236138
0
0.0002910686
0.0003515889
0.00103894
0
0
0.0003080327
0.001105981
0.001652331
0.003633874
0.003825095
0.001854095
6.623011e-05
0.0002002269
0.0001121071
0
0.0004586902
0.0008456136
0.003495211
0.000226007
8.723653e-05
0.001096642
0.0007627505
1.240633e-05
0.01232644
0.00387146
0.002712476
0.004247996
0.006629347
0.006905331
0.0009874085
0.000485396
0.005255719
0.001517382
0.002427618
4.415275e-05
0.0008569577
0.0001775149
4.575593e-05
0
5.183351e-05
0.0007649141
4.167224e-05
0.0001691244
0
0.0007602517
0.001044076
0.0003655442
2.609163e-07
0.0003565835
5.850119e-05
0
0.001209355
0
0.001218549
0.001128236
0
0.0006092281
0
0.0001937812
4.051334e-05
0.0002251505
0.001527126
0
0.001312763
3.426484e-05
4.364527e-05
0.000234073
0.0001225949
7.734103e-05
0
0.0005938021
0.0001920331
0.0001370191
0.001205182
2.550138e-05
0.002091913
0.0004604327
0.001006342
0.0001151436
0.00286715
0.001308072
0.0008122387
0.008255565
0.0005760214
0.0004561226
0.001812527
0.001220488
0.001187627
0.0008422251
0.0006940838
0.002198664
0.002395177
0.004047192
0.004621694
0.003657307
0.002301125
0.0007797949
0.002640705
0.0007470603
0.001989394
0.005876614
0
0.0011702
0.000127119
0.0007934816
0.001307512
0.0003715004
0.0003978422
0.003547409
0.002252493
0.003561421
0.001139112
0.002652931
0
0
0.0001800974
0.0003072641
1.90916e-05
8.257056e-05
0.001247918
0
0.0001233677
0.0003332683
4.229264e-05
0.0002768945
0
0.0002483743
0.006103296
0.00514948
0.001889625
0.0004776203
