0.0001925366
0.0004965127
0.0008018172
0.00431704
9.402682e-05
0.0005801263
0.0001666484
0
0.002318522
0.002510552
2.492118e-05
9.899204e-05
6.200962e-05
0.001943194
0.001232416
0.0005340913
7.160218e-05
0
0.002653156
0.0008720933
0.0008484071
0.0004777328
0
0.0001193714
0.001182862
0.0012531
0.0002402666
0.0001129505
2.023956e-05
0
2.769354e-05
0.0001021541
0.007027529
0.0004138774
0.001026149
0
0
0
0.0001392915
0.001841599
0.000452038
0.0001332396
0
0
4.311544e-05
0
7.9803e-05
0
0
6.422052e-05
0.001702883
0.002264735
0.000260502
0.0002388392
0.0003885162
0.0005819645
0.003725823
0.0004599386
0.000499587
0.0007605839
0.0002450201
0.00102331
0.0001388808
0.002800456
0.000591057
0.0002885429
0.009190488
0.003258772
0.000217233
0.001095736
0
0
0.002663113
0.002828699
4.24906e-05
0.001356572
0.001340716
0.002451369
0.00100359
0.0005493497
0.002087225
0.0001273884
0
0
0.0006462881
0.0002223732
0.0001182722
0.0001722606
0
4.325329e-05
0.001407142
0.0001416443
0
0
0.0004156188
0.003436152
0.0005001212
0.0009544239
0.0006362937
0.0004807698
0.0003529508
0.001089775
3.020147e-05
0.0001275317
0.006063698
0.0003509969
0.0001789875
4.914366e-05
0.0004006471
0.0002521388
0.0005115644
0.0004650435
0
0.0001596908
3.538339e-05
0
0.0001758478
0.0007108643
4.382697e-05
0.0006971001
0.005317013
0.008384013
0
0
0
0
0.0007018279
0.003422804
0.0007504178
0.0002469171
0.0003172609
0.0002582048
7.774115e-05
0
3.853062e-05
1.75593e-05
2.288722e-05
0.0003618538
0.0002727376
0.0006281949
0.001637268
0.0003873962
0.003158641
0.002170949
0
0.008421205
0
0.001333497
0.002072445
0.004207799
0
3.701358e-05
0
0
0.001109024
0.001004798
0.0009079282
0.004102607
0.0005897746
0.005460133
0.002194597
0.002073033
0.0002649276
0.0007823383
0.0009626315
0.007398333
0
0
0
0.0001223521
0.002086802
0.0003985301
2.027627e-05
0.000147503
4.524627e-06
3.014961e-05
5.732118e-05
0
5.802512e-05
0
5.815493e-05
0
0
0
0.001086071
6.930599e-05
0.001197288
0
0.0001254207
4.285569e-05
0.002190193
0.0003066326
0.0004172178
0.0003069346
0
0
0.0002620633
0.001366112
0
0
5.69683e-05
1.067371e-05
0
0
0.007232491
0.0003666365
0.0002176235
0
0.00656169
0.001589388
7.974352e-05
0.0002807929
4.565254e-05
0.0001671837
0.001861383
0.005805991
0.003574155
0.002381092
0.001876411
4.806117e-05
0.001384507
0.007352554
0.0008746691
0.003316944
6.518827e-05
0.0001710968
8.381382e-05
0.0003454104
0.0002102006
0.001320793
0
0
0.0008202226
0.0005895077
0
0.0001156169
0
0.0001076047
0
0
0
0.00107258
0
1.848991e-05
6.956331e-05
0
0.0003861941
0.00189068
0.0001716404
0
0
2.856515e-05
0.006291327
0.00541722
0.0001100828
0.0004556039
7.84092e-05
0.0004094251
0.000153299
4.994155e-06
0
2.93728e-05
0
0
0.001387036
0.00083965
0.0001434995
0.0002254095
0.0003307534
0.0001012618
0.001772317
0.0001704081
0.000879618
0.003126607
0
0.002014691
5.323603e-05
0
0.0004602003
0.0005835956
0.0001166885
0.0003249261
7.630214e-05
9.609885e-05
0.0002992222
0.0005278755
2.550567e-05
1.810003e-05
0.0002281283
0
0.0001246125
0
0.001815061
0.007166004
0.003633583
0.0002097165
0.0002048839
0
0.001101386
0.002000117
3.485729e-05
0.001156774
0.0004533707
0.0002151435
0.001802197
0.001946722
6.497928e-05
0
8.85877e-05
6.082686e-05
0.0001444664
0
0
3.660461e-05
0
6.637438e-05
0.0005297395
0.007974198
5.460525e-05
0
0
0.002757963
0.0002460289
0.0003082031
8.058471e-05
2.208057e-05
1.835855e-05
0
0.001465882
0.00135578
0.001227732
0.0004706899
0.002174303
0.001797393
0.0003121858
0.0003738274
0.0002876394
0.0009892523
4.817558e-05
3.616738e-05
0
0.0009322394
4.482075e-05
7.00939e-05
0.0007901144
0.0004855626
0.0003453158
0
3.479246e-05
0.0003510678
0
0.001015922
0.0006479
0.000915756
0.0001334123
0.0003456861
0.0003105457
0.0001009786
0.002179435
0.001544561
0.01494985
0.001858031
3.931924e-05
0.0002240472
0.0002527868
1.650154e-05
0.002719664
0.0004925651
8.503954e-05
7.279005e-05
0.000191516
0.005926222
0
0
0.001900727
0.0002608178
0.0001971344
0
0.0006397403
0.00462501
0.0002802842
0.0002419383
0.001552819
0.0002183085
0.0001925366
0.0004965127
0.0008018172
0.00431704
9.402682e-05
0.0005801263
0.0001666484
0
0.002318522
0.002510552
2.492118e-05
9.899204e-05
6.200962e-05
0.001943194
0.001232416
0.0005340913
7.160218e-05
0
0.002653156
0.0008720933
0.0008484071
0.0004777328
0
0.0001193714
0.001182862
0.0012531
0.0002402666
0.0001129505
2.023956e-05
0
2.769354e-05
0.0001021541
0.007027529
0.0004138774
0.001026149
0
0
0
0.0001392915
0.001841599
0.000452038
0.0001332396
0
0
4.311544e-05
0
7.9803e-05
0
0
6.422052e-05
0.001702883
0.002264735
0.000260502
0.0002388392
0.0003885162
0.0005819645
0.003725823
0.0004599386
0.000499587
0.0007605839
0.0002450201
0.00102331
0.0001388808
0.002800456
0.000591057
0.0002885429
0.009190488
0.003258772
0.000217233
0.001095736
0
0
0.002663113
0.002828699
4.24906e-05
0.001356572
0.001340716
0.002451369
0.00100359
0.0005493497
0.002087225
0.0001273884
0
0
0.0006462881
0.0002223732
0.0001182722
0.0001722606
0
4.325329e-05
0.001407142
0.0001416443
0
0
0.0004156188
0.003436152
0.0005001212
0.0009544239
0.0006362937
0.0004807698
0.0003529508
0.001089775
3.020147e-05
0.0001275317
0.006063698
0.0003509969
0.0001789875
4.914366e-05
0.0004006471
0.0002521388
0.0005115644
0.0004650435
0
0.0001596908
3.538339e-05
0
0.0001758478
0.0007108643
4.382697e-05
0.0006971001
0.005317013
0.008384013
0
0
0
0
0.0007018279
0.003422804
0.0007504178
0.0002469171
0.0003172609
0.0002582048
7.774115e-05
0
3.853062e-05
1.75593e-05
2.288722e-05
0.0003618538
0.0002727376
0.0006281949
0.001637268
0.0003873962
0.003158641
0.002170949
0
0.008421205
0
0.001333497
0.002072445
0.004207799
0
3.701358e-05
0
0
0.001109024
0.001004798
0.0009079282
0.004102607
0.0005897746
0.005460133
0.002194597
0.002073033
0.0002649276
0.0007823383
0.0009626315
0.007398333
0
0
0
0.0001223521
0.002086802
0.0003985301
2.027627e-05
0.000147503
4.524627e-06
3.014961e-05
5.732118e-05
0
5.802512e-05
0
5.815493e-05
0
0
0
0.001086071
6.930599e-05
0.001197288
0
0.0001254207
4.285569e-05
0.002190193
0.0003066326
0.0004172178
0.0003069346
0
0
0.0002620633
0.001366112
0
0
5.69683e-05
1.067371e-05
0
0
0.007232491
0.0003666365
0.0002176235
0
0.00656169
0.001589388
7.974352e-05
0.0002807929
4.565254e-05
0.0001671837
0.001861383
0.005805991
0.003574155
0.002381092
0.001876411
4.806117e-05
0.001384507
0.007352554
0.0008746691
0.003316944
6.518827e-05
0.0001710968
8.381382e-05
0.0003454104
0.0002102006
0.001320793
0
0
0.0008202226
0.0005895077
0
0.0001156169
0
0.0001076047
0
0
0
0.00107258
0
1.848991e-05
6.956331e-05
0
0.0003861941
0.00189068
0.0001716404
0
0
2.856515e-05
0.006291327
0.00541722
0.0001100828
0.0004556039
7.84092e-05
0.0004094251
0.000153299
4.994155e-06
0
2.93728e-05
0
0
0.001387036
0.00083965
0.0001434995
0.0002254095
0.0003307534
0.0001012618
0.001772317
0.0001704081
0.000879618
0.003126607
0
0.002014691
5.323603e-05
0
0.0004602003
0.0005835956
0.0001166885
0.0003249261
7.630214e-05
9.609885e-05
0.0002992222
0.0005278755
2.550567e-05
1.810003e-05
0.0002281283
0
0.0001246125
0
0.001815061
0.007166004
0.003633583
0.0002097165
0.0002048839
0
0.001101386
0.002000117
3.485729e-05
0.001156774
0.0004533707
0.0002151435
0.001802197
0.001946722
6.497928e-05
0
8.85877e-05
6.082686e-05
0.0001444664
0
0
3.660461e-05
0
6.637438e-05
0.0005297395
0.007974198
5.460525e-05
0
0
0.002757963
0.0002460289
0.0003082031
8.058471e-05
2.208057e-05
1.835855e-05
0
0.001465882
0.00135578
0.001227732
0.0004706899
0.002174303
0.001797393
0.0003121858
0.0003738274
0.0002876394
0.0009892523
4.817558e-05
3.616738e-05
0
0.0009322394
4.482075e-05
7.00939e-05
0.0007901144
0.0004855626
0.0003453158
0
3.479246e-05
0.0003510678
0
0.001015922
0.0006479
0.000915756
0.0001334123
0.0003456861
0.0003105457
0.0001009786
0.002179435
0.001544561
0.01494985
0.001858031
3.931924e-05
0.0002240472
0.0002527868
1.650154e-05
0.002719664
0.0004925651
8.503954e-05
7.279005e-05
0.000191516
0.005926222
0
0
0.001900727
0.0002608178
0.0001971344
0
0.0006397403
0.00462501
0.0002802842
0.0002419383
0.001552819
0.0002183085
0.0001925366
0.0004965127
0.0008018172
0.00431704
9.402682e-05
0.0005801263
0.0001666484
0
0.002318522
0.002510552
2.492118e-05
9.899204e-05
6.200962e-05
0.001943194
0.001232416
0.0005340913
7.160218e-05
0
0.002653156
0.0008720933
0.0008484071
0.0004777328
0
0.0001193714
0.001182862
0.0012531
0.0002402666
0.0001129505
2.023956e-05
0
2.769354e-05
0.0001021541
0.007027529
0.0004138774
0.001026149
0
0
0
0.0001392915
0.001841599
0.000452038
0.0001332396
0
0
4.311544e-05
0
7.9803e-05
0
0
6.422052e-05
0.001702883
0.002264735
0.000260502
0.0002388392
0.0003885162
0.0005819645
0.003725823
0.0004599386
0.000499587
0.0007605839
0.0002450201
0.00102331
0.0001388808
0.002800456
0.000591057
0.0002885429
0.009190488
0.003258772
0.000217233
0.001095736
0
0
0.002663113
0.002828699
4.24906e-05
0.001356572
0.001340716
0.002451369
0.00100359
0.0005493497
0.002087225
0.0001273884
0
0
0.0006462881
0.0002223732
0.0001182722
0.0001722606
0
4.325329e-05
0.001407142
0.0001416443
0
0
0.0004156188
0.003436152
0.0005001212
0.0009544239
0.0006362937
0.0004807698
0.0003529508
0.001089775
3.020147e-05
0.0001275317
0.006063698
0.0003509969
0.0001789875
4.914366e-05
0.0004006471
0.0002521388
0.0005115644
0.0004650435
0
0.0001596908
3.538339e-05
0
0.0001758478
0.0007108643
4.382697e-05
0.0006971001
0.005317013
0.008384013
0
0
0
0
0.0007018279
0.003422804
0.0007504178
0.0002469171
0.0003172609
0.0002582048
7.774115e-05
0
3.853062e-05
1.75593e-05
2.288722e-05
0.0003618538
0.0002727376
0.0006281949
0.001637268
0.0003873962
0.003158641
0.002170949
0
0.008421205
0
0.001333497
0.002072445
0.004207799
0
3.701358e-05
0
0
0.001109024
0.001004798
0.0009079282
0.004102607
0.0005897746
0.005460133
0.002194597
0.002073033
0.0002649276
0.0007823383
0.0009626315
0.007398333
0
0
0
0.0001223521
0.002086802
0.0003985301
2.027627e-05
0.000147503
4.524627e-06
3.014961e-05
5.732118e-05
0
5.802512e-05
0
5.815493e-05
0
0
0
0.001086071
6.930599e-05
0.001197288
0
0.0001254207
4.285569e-05
0.002190193
0.0003066326
0.0004172178
0.0003069346
0
0
0.0002620633
0.001366112
0
0
5.69683e-05
1.067371e-05
0
0
0.007232491
0.0003666365
0.0002176235
0
0.00656169
0.001589388
7.974352e-05
0.0002807929
4.565254e-05
0.0001671837
0.001861383
0.005805991
0.003574155
0.002381092
0.001876411
4.806117e-05
0.001384507
0.007352554
0.0008746691
0.003316944
6.518827e-05
0.0001710968
8.381382e-05
0.0003454104
0.0002102006
0.001320793
0
0
0.0008202226
0.0005895077
0
0.0001156169
0
0.0001076047
0
0
0
0.00107258
0
1.848991e-05
6.956331e-05
0
0.0003861941
0.00189068
0.0001716404
0
0
2.856515e-05
0.006291327
0.00541722
0.0001100828
0.0004556039
7.84092e-05
0.0004094251
0.000153299
4.994155e-06
0
2.93728e-05
0
0
0.001387036
0.00083965
0.0001434995
0.0002254095
0.0003307534
0.0001012618
0.001772317
0.0001704081
0.000879618
0.003126607
0
0.002014691
5.323603e-05
0
0.0004602003
0.0005835956
0.0001166885
0.0003249261
7.630214e-05
9.609885e-05
0.0002992222
0.0005278755
2.550567e-05
1.810003e-05
0.0002281283
0
0.0001246125
0
0.001815061
0.007166004
0.003633583
0.0002097165
0.0002048839
0
0.001101386
0.002000117
3.485729e-05
0.001156774
0.0004533707
0.0002151435
0.001802197
0.001946722
6.497928e-05
0
8.85877e-05
6.082686e-05
0.0001444664
0
0
3.660461e-05
0
6.637438e-05
0.0005297395
0.007974198
5.460525e-05
0
0
0.002757963
0.0002460289
0.0003082031
8.058471e-05
2.208057e-05
1.835855e-05
0
0.001465882
0.00135578
0.001227732
0.0004706899
0.002174303
0.001797393
0.0003121858
0.0003738274
0.0002876394
0.0009892523
4.817558e-05
3.616738e-05
0
0.0009322394
4.482075e-05
7.00939e-05
0.0007901144
0.0004855626
0.0003453158
0
3.479246e-05
0.0003510678
0
0.001015922
0.0006479
0.000915756
0.0001334123
0.0003456861
0.0003105457
0.0001009786
0.002179435
0.001544561
0.01494985
0.001858031
3.931924e-05
0.0002240472
0.0002527868
1.650154e-05
0.002719664
0.0004925651
8.503954e-05
7.279005e-05
0.000191516
0.005926222
0
0
0.001900727
0.0002608178
0.0001971344
0
0.0006397403
0.00462501
0.0002802842
0.0002419383
0.001552819
0.0002183085
0.0005311829
0.0004390376
0
0.003158408
3.6272e-05
0.000461127
5.537425e-05
0
2.099271e-05
0.0002178678
1.288764e-05
0
0
0
0.0008853068
0.0003605956
9.421051e-05
0
0.0003034578
0.0001341184
0.0001203726
0.0001248933
0.0006409403
0.001139366
0.0006105636
0
0.0002081321
0.0003961701
0.0001367394
0.001147742
0
0
0
0
0.0001143898
0.003759771
0.0007969621
2.600486e-05
0.0001938569
2.766842e-05
0.0002930087
0.002313459
0.009145904
0.002327018
0.0001821161
0.002794086
0.002080373
0.002118878
0.0002153777
0.0002015771
0
0
0
0
0.001205032
3.489623e-05
0.0001830791
0.003187404
0.0002687506
0.0007590643
1.379936e-05
0.0001448074
0.003330922
0.00298542
0.0006075334
0.0009456459
4.005632e-05
0
0.0001584161
0.00015437
0.00150368
0.0002809172
6.880345e-05
1.104914e-05
0.0004003237
0
0.009666416
0.008817835
0.004173091
0.003789499
0.0002579665
0.004172155
9.969224e-05
0.0006869062
0.000413897
0.0003617321
0
0.0003029638
0.0003172343
0
5.176063e-05
6.122582e-05
0
0.0001023193
0.002104992
3.100935e-06
0.0001925366
0.0004965127
0.0008018172
0.00431704
9.402682e-05
0.0005801263
0.0001666484
0
0.002318522
0.002510552
2.492118e-05
9.899204e-05
6.200962e-05
0.001943194
0.001232416
0.0005340913
7.160218e-05
0
0.002653156
0.0008720933
0.0008484071
0.0004777328
0
0.0001193714
0.001182862
0.0012531
0.0002402666
0.0001129505
2.023956e-05
0
2.769354e-05
0.0001021541
0.007027529
0.0004138774
0.001026149
0
0
0
0.0001392915
0.001841599
0.000452038
0.0001332396
0
0
4.311544e-05
0
7.9803e-05
0
0
6.422052e-05
0.001702883
0.002264735
0.000260502
0.0002388392
0.0003885162
0.0005819645
0.003725823
0.0004599386
0.000499587
0.0007605839
0.0002450201
0.00102331
0.0001388808
0.002800456
0.000591057
0.0002885429
0.009190488
0.003258772
0.000217233
0.001095736
0
0
0.002663113
0.002828699
4.24906e-05
0.001356572
0.001340716
0.002451369
0.00100359
0.0005493497
0.002087225
0.0001273884
0
0
0.0006462881
0.0002223732
0.0001182722
0.0001722606
0
4.325329e-05
0.001407142
0.0001416443
0
0
0.0004156188
0.003436152
0.0005001212
0.0009544239
0.0006362937
0.0004807698
0.0003529508
0.001089775
3.020147e-05
0.0001275317
0.006063698
0.0003509969
0.0001789875
4.914366e-05
0.0004006471
0.0002521388
0.0005115644
0.0004650435
0
0.0001596908
3.538339e-05
0
0.0001758478
0.0007108643
4.382697e-05
0.0006971001
0.005317013
0.008384013
0
0
0
0
0.0007018279
0.003422804
0.0007504178
0.0002469171
0.0003172609
0.0002582048
7.774115e-05
0
3.853062e-05
1.75593e-05
2.288722e-05
0.0003618538
0.0002727376
0.0006281949
0.001637268
0.0003873962
0.003158641
0.002170949
0
0.008421205
0
0.001333497
0.002072445
0.004207799
0
3.701358e-05
0
0
0.001109024
0.001004798
0.0009079282
0.004102607
0.0005897746
0.005460133
0.002194597
0.002073033
0.0002649276
0.0007823383
0.0009626315
0.007398333
0
0
0
0.0001223521
0.002086802
0.0003985301
2.027627e-05
0.000147503
4.524627e-06
3.014961e-05
5.732118e-05
0
5.802512e-05
0
5.815493e-05
0
0
0
0.001086071
6.930599e-05
0.001197288
0
0.0001254207
4.285569e-05
0.002190193
0.0003066326
0.0004172178
0.0003069346
0
0
0.0002620633
0.001366112
0
0
5.69683e-05
1.067371e-05
0
0
0.007232491
0.0003666365
0.0002176235
0
0.00656169
0.001589388
7.974352e-05
0.0002807929
4.565254e-05
0.0001671837
0.001861383
0.005805991
0.003574155
0.002381092
0.001876411
4.806117e-05
0.001384507
0.007352554
0.0008746691
0.003316944
6.518827e-05
0.0001710968
8.381382e-05
0.0003454104
0.0002102006
0.001320793
0
0
0.0008202226
0.0005895077
0
0.0001156169
0
0.0001076047
0
0
0
0.00107258
0
1.848991e-05
6.956331e-05
0
0.0003861941
0.00189068
0.0001716404
0
0
2.856515e-05
0.006291327
0.00541722
0.0001100828
0.0004556039
7.84092e-05
0.0004094251
0.000153299
4.994155e-06
0
2.93728e-05
0
0
0.001387036
0.00083965
0.0001434995
0.0002254095
0.0003307534
0.0001012618
0.001772317
0.0001704081
0.000879618
0.003126607
0
0.002014691
5.323603e-05
0
0.0004602003
0.0005835956
0.0001166885
0.0003249261
7.630214e-05
9.609885e-05
0.0002992222
0.0005278755
2.550567e-05
1.810003e-05
0.0002281283
0
0.0001246125
0
0.001815061
0.007166004
0.003633583
0.0002097165
0.0002048839
0
0.001101386
0.002000117
3.485729e-05
0.001156774
0.0004533707
0.0002151435
0.001802197
0.001946722
6.497928e-05
0
8.85877e-05
6.082686e-05
0.0001444664
0
0
3.660461e-05
0
6.637438e-05
0.0005297395
0.007974198
5.460525e-05
0
0
0.002757963
0.0002460289
0.0003082031
8.058471e-05
2.208057e-05
1.835855e-05
0
0.001465882
0.00135578
0.001227732
0.0004706899
0.002174303
0.001797393
0.0003121858
0.0003738274
0.0002876394
0.0009892523
4.817558e-05
3.616738e-05
0
0.0009322394
4.482075e-05
7.00939e-05
0.0007901144
0.0004855626
0.0003453158
0
3.479246e-05
0.0003510678
0
0.001015922
0.0006479
0.000915756
0.0001334123
0.0003456861
0.0003105457
0.0001009786
0.002179435
0.001544561
0.01494985
0.001858031
3.931924e-05
0.0002240472
0.0002527868
1.650154e-05
0.002719664
0.0004925651
8.503954e-05
7.279005e-05
0.000191516
0.005926222
0
0
0.001900727
0.0002608178
0.0001971344
0
0.0006397403
0.00462501
0.0002802842
0.0002419383
0.001552819
0.0002183085
0.0005311829
0.0004390376
0
0.003158408
3.6272e-05
0.000461127
5.537425e-05
0
2.099271e-05
0.0002178678
1.288764e-05
0
0
0
0.0008853068
0.0003605956
9.421051e-05
0
0.0003034578
0.0001341184
0.0001203726
0.0001248933
0.0006409403
0.001139366
0.0006105636
0
0.0002081321
0.0003961701
0.0001367394
0.001147742
0
0
0
0
0.0001143898
0.003759771
0.0007969621
2.600486e-05
0.0001938569
2.766842e-05
0.0002930087
0.002313459
0.009145904
0.002327018
0.0001821161
0.002794086
0.002080373
0.002118878
0.0002153777
0.0002015771
0
0
0
0
0.001205032
3.489623e-05
0.0001830791
0.003187404
0.0002687506
0.0007590643
1.379936e-05
0.0001448074
0.003330922
0.00298542
0.0006075334
0.0009456459
4.005632e-05
0
0.0001584161
0.00015437
0.00150368
0.0002809172
6.880345e-05
1.104914e-05
0.0004003237
0
0.009666416
0.008817835
0.004173091
0.003789499
0.0002579665
0.004172155
9.969224e-05
0.0006869062
0.000413897
0.0003617321
0
0.0003029638
0.0003172343
0
5.176063e-05
6.122582e-05
0
0.0001023193
0.002104992
3.100935e-06
0.0001925366
0.0004965127
0.0008018172
0.00431704
9.402682e-05
0.0005801263
0.0001666484
0
0.002318522
0.002510552
2.492118e-05
9.899204e-05
6.200962e-05
0.001943194
0.001232416
0.0005340913
7.160218e-05
0
0.002653156
0.0008720933
0.0008484071
0.0004777328
0
0.0001193714
0.001182862
0.0012531
0.0002402666
0.0001129505
2.023956e-05
0
2.769354e-05
0.0001021541
0.007027529
0.0004138774
0.001026149
0
0
0
0.0001392915
0.001841599
0.000452038
0.0001332396
0
0
4.311544e-05
0
7.9803e-05
0
0
6.422052e-05
0.001702883
0.002264735
0.000260502
0.0002388392
0.0003885162
0.0005819645
0.003725823
0.0004599386
0.000499587
0.0007605839
0.0002450201
0.00102331
0.0001388808
0.002800456
0.000591057
0.0002885429
0.009190488
0.003258772
0.000217233
0.001095736
0
0
0.002663113
0.002828699
4.24906e-05
0.001356572
0.001340716
0.002451369
0.00100359
0.0005493497
0.002087225
0.0001273884
0
0
0.0006462881
0.0002223732
0.0001182722
0.0001722606
0
4.325329e-05
0.001407142
0.0001416443
0
0
0.0004156188
0.003436152
0.0005001212
0.0009544239
0.0006362937
0.0004807698
0.0003529508
0.001089775
3.020147e-05
0.0001275317
0.006063698
0.0003509969
0.0001789875
4.914366e-05
0.0004006471
0.0002521388
0.0005115644
0.0004650435
0
0.0001596908
3.538339e-05
0
0.0001758478
0.0007108643
4.382697e-05
0.0006971001
0.005317013
0.008384013
0
0
0
0
0.0007018279
0.003422804
0.0007504178
0.0002469171
0.0003172609
0.0002582048
7.774115e-05
0
3.853062e-05
1.75593e-05
2.288722e-05
0.0003618538
0.0002727376
0.0006281949
0.001637268
0.0003873962
0.003158641
0.002170949
0
0.008421205
0
0.001333497
0.002072445
0.004207799
0
3.701358e-05
0
0
0.001109024
0.001004798
0.0009079282
0.004102607
0.0005897746
0.005460133
0.002194597
0.002073033
0.0002649276
0.0007823383
0.0009626315
0.007398333
0
0
0
0.0001223521
0.002086802
0.0003985301
2.027627e-05
0.000147503
4.524627e-06
3.014961e-05
5.732118e-05
0
5.802512e-05
0
5.815493e-05
0
0
0
0.001086071
6.930599e-05
0.001197288
0
0.0001254207
4.285569e-05
0.002190193
0.0003066326
0.0004172178
0.0003069346
0
0
0.0002620633
0.001366112
0
0
5.69683e-05
1.067371e-05
0
0
0.007232491
0.0003666365
0.0002176235
0
0.00656169
0.001589388
7.974352e-05
0.0002807929
4.565254e-05
0.0001671837
0.001861383
0.005805991
0.003574155
0.002381092
0.001876411
4.806117e-05
0.001384507
0.007352554
0.0008746691
0.003316944
6.518827e-05
0.0001710968
8.381382e-05
0.0003454104
0.0002102006
0.001320793
0
0
0.0008202226
0.0005895077
0
0.0001156169
0
0.0001076047
0
0
0
0.00107258
0
1.848991e-05
6.956331e-05
0
0.0003861941
0.00189068
0.0001716404
0
0
2.856515e-05
0.006291327
0.00541722
0.0001100828
0.0004556039
7.84092e-05
0.0004094251
0.000153299
4.994155e-06
0
2.93728e-05
0
0
0.001387036
0.00083965
0.0001434995
0.0002254095
0.0003307534
0.0001012618
0.001772317
0.0001704081
0.000879618
0.003126607
0
0.002014691
5.323603e-05
0
0.0004602003
0.0005835956
0.0001166885
0.0003249261
7.630214e-05
9.609885e-05
0.0002992222
0.0005278755
2.550567e-05
1.810003e-05
0.0002281283
0
0.0001246125
0
0.001815061
0.007166004
0.003633583
0.0002097165
0.0002048839
0
0.001101386
0.002000117
3.485729e-05
0.001156774
0.0004533707
0.0002151435
0.001802197
0.001946722
6.497928e-05
0
8.85877e-05
6.082686e-05
0.0001444664
0
0
3.660461e-05
0
6.637438e-05
0.0005297395
0.007974198
5.460525e-05
0
0
0.002757963
0.0002460289
0.0003082031
8.058471e-05
2.208057e-05
1.835855e-05
0
0.001465882
0.00135578
0.001227732
0.0004706899
0.002174303
0.001797393
0.0003121858
0.0003738274
0.0002876394
0.0009892523
4.817558e-05
3.616738e-05
0
0.0009322394
4.482075e-05
7.00939e-05
0.0007901144
0.0004855626
0.0003453158
0
3.479246e-05
0.0003510678
0
0.001015922
0.0006479
0.000915756
0.0001334123
0.0003456861
0.0003105457
0.0001009786
0.002179435
0.001544561
0.01494985
0.001858031
3.931924e-05
0.0002240472
0.0002527868
1.650154e-05
0.002719664
0.0004925651
8.503954e-05
7.279005e-05
0.000191516
0.005926222
0
0
0.001900727
0.0002608178
0.0001971344
0
0.0006397403
0.00462501
0.0002802842
0.0002419383
0.001552819
0.0002183085
0.0005311829
0.0004390376
0
0.003158408
3.6272e-05
0.000461127
5.537425e-05
0
2.099271e-05
0.0002178678
1.288764e-05
0
0
0
0.0008853068
0.0003605956
9.421051e-05
0
0.0003034578
0.0001341184
0.0001203726
0.0001248933
0.0006409403
0.001139366
0.0006105636
0
0.0002081321
0.0003961701
0.0001367394
0.001147742
0
0
0
0
0.0001143898
0.003759771
0.0007969621
2.600486e-05
0.0001938569
2.766842e-05
0.0002930087
0.002313459
0.009145904
0.002327018
0.0001821161
0.002794086
0.002080373
0.002118878
0.0002153777
0.0002015771
0
0
0
0
0.001205032
3.489623e-05
0.0001830791
0.003187404
0.0002687506
0.0007590643
1.379936e-05
0.0001448074
0.003330922
0.00298542
0.0006075334
0.0009456459
4.005632e-05
0
0.0001584161
0.00015437
0.00150368
0.0002809172
6.880345e-05
1.104914e-05
0.0004003237
0
0.009666416
0.008817835
0.004173091
0.003789499
0.0002579665
0.004172155
9.969224e-05
0.0006869062
0.000413897
0.0003617321
0
0.0003029638
0.0003172343
0
5.176063e-05
6.122582e-05
0
0.0001023193
0.002104992
3.100935e-06
0.0001925366
0.0004965127
0.0008018172
0.00431704
9.402682e-05
0.0005801263
0.0001666484
0
0.002318522
0.002510552
2.492118e-05
9.899204e-05
6.200962e-05
0.001943194
0.001232416
0.0005340913
7.160218e-05
0
0.002653156
0.0008720933
0.0008484071
0.0004777328
0
0.0001193714
0.001182862
0.0012531
0.0002402666
0.0001129505
2.023956e-05
0
2.769354e-05
0.0001021541
0.007027529
0.0004138774
0.001026149
0
0
0
0.0001392915
0.001841599
0.000452038
0.0001332396
0
0
4.311544e-05
0
7.9803e-05
0
0
6.422052e-05
0.001702883
0.002264735
0.000260502
0.0002388392
0.0003885162
0.0005819645
0.003725823
0.0004599386
0.000499587
0.0007605839
0.0002450201
0.00102331
0.0001388808
0.002800456
0.000591057
0.0002885429
0.009190488
0.003258772
0.000217233
0.001095736
0
0
0.002663113
0.002828699
4.24906e-05
0.001356572
0.001340716
0.002451369
0.00100359
0.0005493497
0.002087225
0.0001273884
0
0
0.0006462881
0.0002223732
0.0001182722
0.0001722606
0
4.325329e-05
0.001407142
0.0001416443
0
0
0.0004156188
0.003436152
0.0005001212
0.0009544239
0.0006362937
0.0004807698
0.0003529508
0.001089775
3.020147e-05
0.0001275317
0.006063698
0.0003509969
0.0001789875
4.914366e-05
0.0004006471
0.0002521388
0.0005115644
0.0004650435
0
0.0001596908
3.538339e-05
0
0.0001758478
0.0007108643
4.382697e-05
0.0006971001
0.005317013
0.008384013
0
0
0
0
0.0007018279
0.003422804
0.0007504178
0.0002469171
0.0003172609
0.0002582048
7.774115e-05
0
3.853062e-05
1.75593e-05
2.288722e-05
0.0003618538
0.0002727376
0.0006281949
0.001637268
0.0003873962
0.003158641
0.002170949
0
0.008421205
0
0.001333497
0.002072445
0.004207799
0
3.701358e-05
0
0
0.001109024
0.001004798
0.0009079282
0.004102607
0.0005897746
0.005460133
0.002194597
0.002073033
0.0002649276
0.0007823383
0.0009626315
0.007398333
0
0
0
0.0001223521
0.002086802
0.0003985301
2.027627e-05
0.000147503
4.524627e-06
3.014961e-05
5.732118e-05
0
5.802512e-05
0
5.815493e-05
0
0
0
0.001086071
6.930599e-05
0.001197288
0
0.0001254207
4.285569e-05
0.002190193
0.0003066326
0.0004172178
0.0003069346
0
0
0.0002620633
0.001366112
0
0
5.69683e-05
1.067371e-05
0
0
0.007232491
0.0003666365
0.0002176235
0
0.00656169
0.001589388
7.974352e-05
0.0002807929
4.565254e-05
0.0001671837
0.001861383
0.005805991
0.003574155
0.002381092
0.001876411
4.806117e-05
0.001384507
0.007352554
0.0008746691
0.003316944
6.518827e-05
0.0001710968
8.381382e-05
0.0003454104
0.0002102006
0.001320793
0
0
0.0008202226
0.0005895077
0
0.0001156169
0
0.0001076047
0
0
0
0.00107258
0
1.848991e-05
6.956331e-05
0
0.0003861941
0.00189068
0.0001716404
0
0
2.856515e-05
0.006291327
0.00541722
0.0001100828
0.0004556039
7.84092e-05
0.0004094251
0.000153299
4.994155e-06
0
2.93728e-05
0
0
0.001387036
0.00083965
0.0001434995
0.0002254095
0.0003307534
0.0001012618
0.001772317
0.0001704081
0.000879618
0.003126607
0
0.002014691
5.323603e-05
0
0.0004602003
0.0005835956
0.0001166885
0.0003249261
7.630214e-05
9.609885e-05
0.0002992222
0.0005278755
2.550567e-05
1.810003e-05
0.0002281283
0
0.0001246125
0
0.001815061
0.007166004
0.003633583
0.0002097165
0.0002048839
0
0.001101386
0.002000117
3.485729e-05
0.001156774
0.0004533707
0.0002151435
0.001802197
0.001946722
6.497928e-05
0
8.85877e-05
6.082686e-05
0.0001444664
0
0
3.660461e-05
0
6.637438e-05
0.0005297395
0.007974198
5.460525e-05
0
0
0.002757963
0.0002460289
0.0003082031
8.058471e-05
2.208057e-05
1.835855e-05
0
0.001465882
0.00135578
0.001227732
0.0004706899
0.002174303
0.001797393
0.0003121858
0.0003738274
0.0002876394
0.0009892523
4.817558e-05
3.616738e-05
0
0.0009322394
4.482075e-05
7.00939e-05
0.0007901144
0.0004855626
0.0003453158
0
3.479246e-05
0.0003510678
0
0.001015922
0.0006479
0.000915756
0.0001334123
0.0003456861
0.0003105457
0.0001009786
0.002179435
0.001544561
0.01494985
0.001858031
3.931924e-05
0.0002240472
0.0002527868
1.650154e-05
0.002719664
0.0004925651
8.503954e-05
7.279005e-05
0.000191516
0.005926222
0
0
0.001900727
0.0002608178
0.0001971344
0
0.0006397403
0.00462501
0.0002802842
0.0002419383
0.001552819
0.0002183085
0.0005311829
0.0004390376
0
0.003158408
3.6272e-05
0.000461127
5.537425e-05
0
2.099271e-05
0.0002178678
1.288764e-05
0
0
0
0.0008853068
0.0003605956
9.421051e-05
0
0.0003034578
0.0001341184
0.0001203726
0.0001248933
0.0006409403
0.001139366
0.0006105636
0
0.0002081321
0.0003961701
0.0001367394
0.001147742
0
0
0
0
0.0001143898
0.003759771
0.0007969621
2.600486e-05
0.0001938569
2.766842e-05
0.0002930087
0.002313459
0.009145904
0.002327018
0.0001821161
0.002794086
0.002080373
0.002118878
0.0002153777
0.0002015771
0
0
0
0
0.001205032
3.489623e-05
0.0001830791
0.003187404
0.0002687506
0.0007590643
1.379936e-05
0.0001448074
0.003330922
0.00298542
0.0006075334
0.0009456459
4.005632e-05
0
0.0001584161
0.00015437
0.00150368
0.0002809172
6.880345e-05
1.104914e-05
0.0004003237
0
0.009666416
0.008817835
0.004173091
0.003789499
0.0002579665
0.004172155
9.969224e-05
0.0006869062
0.000413897
0.0003617321
0
0.0003029638
0.0003172343
0
5.176063e-05
6.122582e-05
0
0.0001023193
0.002104992
3.100935e-06
0.0001925366
0.0004965127
0.0008018172
0.00431704
9.402682e-05
0.0005801263
0.0001666484
0
0.002318522
0.002510552
2.492118e-05
9.899204e-05
6.200962e-05
0.001943194
0.001232416
0.0005340913
7.160218e-05
0
0.002653156
0.0008720933
0.0008484071
0.0004777328
0
0.0001193714
0.001182862
0.0012531
0.0002402666
0.0001129505
2.023956e-05
0
2.769354e-05
0.0001021541
0.007027529
0.0004138774
0.001026149
0
0
0
0.0001392915
0.001841599
0.000452038
0.0001332396
0
0
4.311544e-05
0
7.9803e-05
0
0
6.422052e-05
0.001702883
0.002264735
0.000260502
0.0002388392
0.0003885162
0.0005819645
0.003725823
0.0004599386
0.000499587
0.0007605839
0.0002450201
0.00102331
0.0001388808
0.002800456
0.000591057
0.0002885429
0.009190488
0.003258772
0.000217233
0.001095736
0
0
0.002663113
0.002828699
4.24906e-05
0.001356572
0.001340716
0.002451369
0.00100359
0.0005493497
0.002087225
0.0001273884
0
0
0.0006462881
0.0002223732
0.0001182722
0.0001722606
0
4.325329e-05
0.001407142
0.0001416443
0
0
0.0004156188
0.003436152
0.0005001212
0.0009544239
0.0006362937
0.0004807698
0.0003529508
0.001089775
3.020147e-05
0.0001275317
0.006063698
0.0003509969
0.0001789875
4.914366e-05
0.0004006471
0.0002521388
0.0005115644
0.0004650435
0
0.0001596908
3.538339e-05
0
0.0001758478
0.0007108643
4.382697e-05
0.0006971001
0.005317013
0.008384013
0
0
0
0
0.0007018279
0.003422804
0.0007504178
0.0002469171
0.0003172609
0.0002582048
7.774115e-05
0
3.853062e-05
1.75593e-05
2.288722e-05
0.0003618538
0.0002727376
0.0006281949
0.001637268
0.0003873962
0.003158641
0.002170949
0
0.008421205
0
0.001333497
0.002072445
0.004207799
0
3.701358e-05
0
0
0.001109024
0.001004798
0.0009079282
0.004102607
0.0005897746
0.005460133
0.002194597
0.002073033
0.0002649276
0.0007823383
0.0009626315
0.007398333
0
0
0
0.0001223521
0.002086802
0.0003985301
2.027627e-05
0.000147503
4.524627e-06
3.014961e-05
5.732118e-05
0
5.802512e-05
0
5.815493e-05
0
0
0
0.001086071
6.930599e-05
0.001197288
0
0.0001254207
4.285569e-05
0.002190193
0.0003066326
0.0004172178
0.0003069346
0
0
0.0002620633
0.001366112
0
0
5.69683e-05
1.067371e-05
0
0
0.007232491
0.0003666365
0.0002176235
0
0.00656169
0.001589388
7.974352e-05
0.0002807929
4.565254e-05
0.0001671837
0.001861383
0.005805991
0.003574155
0.002381092
0.001876411
4.806117e-05
0.001384507
0.007352554
0.0008746691
0.003316944
6.518827e-05
0.0001710968
8.381382e-05
0.0003454104
0.0002102006
0.001320793
0
0
0.0008202226
0.0005895077
0
0.0001156169
0
0.0001076047
0
0
0
0.00107258
0
1.848991e-05
6.956331e-05
0
0.0003861941
0.00189068
0.0001716404
0
0
2.856515e-05
0.006291327
0.00541722
0.0001100828
0.0004556039
7.84092e-05
0.0004094251
0.000153299
4.994155e-06
0
2.93728e-05
0
0
0.001387036
0.00083965
0.0001434995
0.0002254095
0.0003307534
0.0001012618
0.001772317
0.0001704081
0.000879618
0.003126607
0
0.002014691
5.323603e-05
0
0.0004602003
0.0005835956
0.0001166885
0.0003249261
7.630214e-05
9.609885e-05
0.0002992222
0.0005278755
2.550567e-05
1.810003e-05
0.0002281283
0
0.0001246125
0
0.001815061
0.007166004
0.003633583
0.0002097165
0.0002048839
0
0.001101386
0.002000117
3.485729e-05
0.001156774
0.0004533707
0.0002151435
0.001802197
0.001946722
6.497928e-05
0
8.85877e-05
6.082686e-05
0.0001444664
0
0
3.660461e-05
0
6.637438e-05
0.0005297395
0.007974198
5.460525e-05
0
0
0.002757963
0.0002460289
0.0003082031
8.058471e-05
2.208057e-05
1.835855e-05
0
0.001465882
0.00135578
0.001227732
0.0004706899
0.002174303
0.001797393
0.0003121858
0.0003738274
0.0002876394
0.0009892523
4.817558e-05
3.616738e-05
0
0.0009322394
4.482075e-05
7.00939e-05
0.0007901144
0.0004855626
0.0003453158
0
3.479246e-05
0.0003510678
0
0.001015922
0.0006479
0.000915756
0.0001334123
0.0003456861
0.0003105457
0.0001009786
0.002179435
0.001544561
0.01494985
0.001858031
3.931924e-05
0.0002240472
0.0002527868
1.650154e-05
0.002719664
0.0004925651
8.503954e-05
7.279005e-05
0.000191516
0.005926222
0
0
0.001900727
0.0002608178
0.0001971344
0
0.0006397403
0.00462501
0.0002802842
0.0002419383
0.001552819
0.0002183085
0.0005311829
0.0004390376
0
0.003158408
3.6272e-05
0.000461127
5.537425e-05
0
2.099271e-05
0.0002178678
1.288764e-05
0
0
0
0.0008853068
0.0003605956
9.421051e-05
0
0.0003034578
0.0001341184
0.0001203726
0.0001248933
0.0006409403
0.001139366
0.0006105636
0
0.0002081321
0.0003961701
0.0001367394
0.001147742
0
0
0
0
0.0001143898
0.003759771
0.0007969621
2.600486e-05
0.0001938569
2.766842e-05
0.0002930087
0.002313459
0.009145904
0.002327018
0.0001821161
0.002794086
0.002080373
0.002118878
0.0002153777
0.0002015771
0
0
0
0
0.001205032
3.489623e-05
0.0001830791
0.003187404
0.0002687506
0.0007590643
1.379936e-05
0.0001448074
0.003330922
0.00298542
0.0006075334
0.0009456459
4.005632e-05
0
0.0001584161
0.00015437
0.00150368
0.0002809172
6.880345e-05
1.104914e-05
0.0004003237
0
0.009666416
0.008817835
0.004173091
0.003789499
0.0002579665
0.004172155
9.969224e-05
0.0006869062
0.000413897
0.0003617321
0
0.0003029638
0.0003172343
0
5.176063e-05
6.122582e-05
0
0.0001023193
0.002104992
3.100935e-06
0.0005064136
0.003035438
0.001601269
0.0003879247
0.0001337657
7.937626e-05
0.0006748077
0.00122386
0.0001969759
0.0003780306
0
0
0
0
5.398288e-05
0.0003359767
0.002334456
0.001446179
4.255432e-05
0.001576004
0
0.002737108
0.0002889682
0.001528711
0.0008146288
0.0009345482
0.00403578
0.008472375
0.004901824
0.005004351
0
0
0.001222515
0.0001289495
0
0.007538492
5.61327e-05
0
0
0
0
6.646702e-06
0.0001287931
6.838924e-05
1.114366e-05
0
0.005822915
0
1.212599e-05
0.001172714
0.0005441484
0.0004716935
6.308093e-05
5.555473e-05
0
0.0009988427
5.995148e-06
0.0004112058
0.006373645
1.514351e-05
0.0002675921
0.000632961
0.0003885361
0.0003817776
0.001192158
0.001322511
0.0003988601
0.0003859171
9.011271e-05
0
0
0
0.0001925366
0.0004965127
0.0008018172
0.00431704
9.402682e-05
0.0005801263
0.0001666484
0
0.002318522
0.002510552
2.492118e-05
9.899204e-05
6.200962e-05
0.001943194
0.001232416
0.0005340913
7.160218e-05
0
0.002653156
0.0008720933
0.0008484071
0.0004777328
0
0.0001193714
0.001182862
0.0012531
0.0002402666
0.0001129505
2.023956e-05
0
2.769354e-05
0.0001021541
0.007027529
0.0004138774
0.001026149
0
0
0
0.0001392915
0.001841599
0.000452038
0.0001332396
0
0
4.311544e-05
0
7.9803e-05
0
0
6.422052e-05
0.001702883
0.002264735
0.000260502
0.0002388392
0.0003885162
0.0005819645
0.003725823
0.0004599386
0.000499587
0.0007605839
0.0002450201
0.00102331
0.0001388808
0.002800456
0.000591057
0.0002885429
0.009190488
0.003258772
0.000217233
0.001095736
0
0
0.002663113
0.002828699
4.24906e-05
0.001356572
0.001340716
0.002451369
0.00100359
0.0005493497
0.002087225
0.0001273884
0
0
0.0006462881
0.0002223732
0.0001182722
0.0001722606
0
4.325329e-05
0.001407142
0.0001416443
0
0
0.0004156188
0.003436152
0.0005001212
0.0009544239
0.0006362937
0.0004807698
0.0003529508
0.001089775
3.020147e-05
0.0001275317
0.006063698
0.0003509969
0.0001789875
4.914366e-05
0.0004006471
0.0002521388
0.0005115644
0.0004650435
0
0.0001596908
3.538339e-05
0
0.0001758478
0.0007108643
4.382697e-05
0.0006971001
0.005317013
0.008384013
0
0
0
0
0.0007018279
0.003422804
0.0007504178
0.0002469171
0.0003172609
0.0002582048
7.774115e-05
0
3.853062e-05
1.75593e-05
2.288722e-05
0.0003618538
0.0002727376
0.0006281949
0.001637268
0.0003873962
0.003158641
0.002170949
0
0.008421205
0
0.001333497
0.002072445
0.004207799
0
3.701358e-05
0
0
0.001109024
0.001004798
0.0009079282
0.004102607
0.0005897746
0.005460133
0.002194597
0.002073033
0.0002649276
0.0007823383
0.0009626315
0.007398333
0
0
0
0.0001223521
0.002086802
0.0003985301
2.027627e-05
0.000147503
4.524627e-06
3.014961e-05
5.732118e-05
0
5.802512e-05
0
5.815493e-05
0
0
0
0.001086071
6.930599e-05
0.001197288
0
0.0001254207
4.285569e-05
0.002190193
0.0003066326
0.0004172178
0.0003069346
0
0
0.0002620633
0.001366112
0
0
5.69683e-05
1.067371e-05
0
0
0.007232491
0.0003666365
0.0002176235
0
0.00656169
0.001589388
7.974352e-05
0.0002807929
4.565254e-05
0.0001671837
0.001861383
0.005805991
0.003574155
0.002381092
0.001876411
4.806117e-05
0.001384507
0.007352554
0.0008746691
0.003316944
6.518827e-05
0.0001710968
8.381382e-05
0.0003454104
0.0002102006
0.001320793
0
0
0.0008202226
0.0005895077
0
0.0001156169
0
0.0001076047
0
0
0
0.00107258
0
1.848991e-05
6.956331e-05
0
0.0003861941
0.00189068
0.0001716404
0
0
2.856515e-05
0.006291327
0.00541722
0.0001100828
0.0004556039
7.84092e-05
0.0004094251
0.000153299
4.994155e-06
0
2.93728e-05
0
0
0.001387036
0.00083965
0.0001434995
0.0002254095
0.0003307534
0.0001012618
0.001772317
0.0001704081
0.000879618
0.003126607
0
0.002014691
5.323603e-05
0
0.0004602003
0.0005835956
0.0001166885
0.0003249261
7.630214e-05
9.609885e-05
0.0002992222
0.0005278755
2.550567e-05
1.810003e-05
0.0002281283
0
0.0001246125
0
0.001815061
0.007166004
0.003633583
0.0002097165
0.0002048839
0
0.001101386
0.002000117
3.485729e-05
0.001156774
0.0004533707
0.0002151435
0.001802197
0.001946722
6.497928e-05
0
8.85877e-05
6.082686e-05
0.0001444664
0
0
3.660461e-05
0
6.637438e-05
0.0005297395
0.007974198
5.460525e-05
0
0
0.002757963
0.0002460289
0.0003082031
8.058471e-05
2.208057e-05
1.835855e-05
0
0.001465882
0.00135578
0.001227732
0.0004706899
0.002174303
0.001797393
0.0003121858
0.0003738274
0.0002876394
0.0009892523
4.817558e-05
3.616738e-05
0
0.0009322394
4.482075e-05
7.00939e-05
0.0007901144
0.0004855626
0.0003453158
0
3.479246e-05
0.0003510678
0
0.001015922
0.0006479
0.000915756
0.0001334123
0.0003456861
0.0003105457
0.0001009786
0.002179435
0.001544561
0.01494985
0.001858031
3.931924e-05
0.0002240472
0.0002527868
1.650154e-05
0.002719664
0.0004925651
8.503954e-05
7.279005e-05
0.000191516
0.005926222
0
0
0.001900727
0.0002608178
0.0001971344
0
0.0006397403
0.00462501
0.0002802842
0.0002419383
0.001552819
0.0002183085
0.0005311829
0.0004390376
0
0.003158408
3.6272e-05
0.000461127
5.537425e-05
0
2.099271e-05
0.0002178678
1.288764e-05
0
0
0
0.0008853068
0.0003605956
9.421051e-05
0
0.0003034578
0.0001341184
0.0001203726
0.0001248933
0.0006409403
0.001139366
0.0006105636
0
0.0002081321
0.0003961701
0.0001367394
0.001147742
0
0
0
0
0.0001143898
0.003759771
0.0007969621
2.600486e-05
0.0001938569
2.766842e-05
0.0002930087
0.002313459
0.009145904
0.002327018
0.0001821161
0.002794086
0.002080373
0.002118878
0.0002153777
0.0002015771
0
0
0
0
0.001205032
3.489623e-05
0.0001830791
0.003187404
0.0002687506
0.0007590643
1.379936e-05
0.0001448074
0.003330922
0.00298542
0.0006075334
0.0009456459
4.005632e-05
0
0.0001584161
0.00015437
0.00150368
0.0002809172
6.880345e-05
1.104914e-05
0.0004003237
0
0.009666416
0.008817835
0.004173091
0.003789499
0.0002579665
0.004172155
9.969224e-05
0.0006869062
0.000413897
0.0003617321
0
0.0003029638
0.0003172343
0
5.176063e-05
6.122582e-05
0
0.0001023193
0.002104992
3.100935e-06
0.0005064136
0.003035438
0.001601269
0.0003879247
0.0001337657
7.937626e-05
0.0006748077
0.00122386
0.0001969759
0.0003780306
0
0
0
0
5.398288e-05
0.0003359767
0.002334456
0.001446179
4.255432e-05
0.001576004
0
0.002737108
0.0002889682
0.001528711
0.0008146288
0.0009345482
0.00403578
0.008472375
0.004901824
0.005004351
0
0
0.001222515
0.0001289495
0
0.007538492
5.61327e-05
0
0
0
0
6.646702e-06
0.0001287931
6.838924e-05
1.114366e-05
0
0.005822915
0
1.212599e-05
0.001172714
0.0005441484
0.0004716935
6.308093e-05
5.555473e-05
0
0.0009988427
5.995148e-06
0.0004112058
0.006373645
1.514351e-05
0.0002675921
0.000632961
0.0003885361
0.0003817776
0.001192158
0.001322511
0.0003988601
0.0003859171
9.011271e-05
0
0
0
0.0008440965
0.00224111
0
0.001421826
0
0.0006393134
0.0001546403
0.0001519798
0
3.553139e-05
0
2.247121e-05
0.001869456
0.001225083
0.0006743905
0.0008723635
0
1.893794e-05
0.0001925366
0.0004965127
0.0008018172
0.00431704
9.402682e-05
0.0005801263
0.0001666484
0
0.002318522
0.002510552
2.492118e-05
9.899204e-05
6.200962e-05
0.001943194
0.001232416
0.0005340913
7.160218e-05
0
0.002653156
0.0008720933
0.0008484071
0.0004777328
0
0.0001193714
0.001182862
0.0012531
0.0002402666
0.0001129505
2.023956e-05
0
2.769354e-05
0.0001021541
0.007027529
0.0004138774
0.001026149
0
0
0
0.0001392915
0.001841599
0.000452038
0.0001332396
0
0
4.311544e-05
0
7.9803e-05
0
0
6.422052e-05
0.001702883
0.002264735
0.000260502
0.0002388392
0.0003885162
0.0005819645
0.003725823
0.0004599386
0.000499587
0.0007605839
0.0002450201
0.00102331
0.0001388808
0.002800456
0.000591057
0.0002885429
0.009190488
0.003258772
0.000217233
0.001095736
0
0
0.002663113
0.002828699
4.24906e-05
0.001356572
0.001340716
0.002451369
0.00100359
0.0005493497
0.002087225
0.0001273884
0
0
0.0006462881
0.0002223732
0.0001182722
0.0001722606
0
4.325329e-05
0.001407142
0.0001416443
0
0
0.0004156188
0.003436152
0.0005001212
0.0009544239
0.0006362937
0.0004807698
0.0003529508
0.001089775
3.020147e-05
0.0001275317
0.006063698
0.0003509969
0.0001789875
4.914366e-05
0.0004006471
0.0002521388
0.0005115644
0.0004650435
0
0.0001596908
3.538339e-05
0
0.0001758478
0.0007108643
4.382697e-05
0.0006971001
0.005317013
0.008384013
0
0
0
0
0.0007018279
0.003422804
0.0007504178
0.0002469171
0.0003172609
0.0002582048
7.774115e-05
0
3.853062e-05
1.75593e-05
2.288722e-05
0.0003618538
0.0002727376
0.0006281949
0.001637268
0.0003873962
0.003158641
0.002170949
0
0.008421205
0
0.001333497
0.002072445
0.004207799
0
3.701358e-05
0
0
0.001109024
0.001004798
0.0009079282
0.004102607
0.0005897746
0.005460133
0.002194597
0.002073033
0.0002649276
0.0007823383
0.0009626315
0.007398333
0
0
0
0.0001223521
0.002086802
0.0003985301
2.027627e-05
0.000147503
4.524627e-06
3.014961e-05
5.732118e-05
0
5.802512e-05
0
5.815493e-05
0
0
0
0.001086071
6.930599e-05
0.001197288
0
0.0001254207
4.285569e-05
0.002190193
0.0003066326
0.0004172178
0.0003069346
0
0
0.0002620633
0.001366112
0
0
5.69683e-05
1.067371e-05
0
0
0.007232491
0.0003666365
0.0002176235
0
0.00656169
0.001589388
7.974352e-05
0.0002807929
4.565254e-05
0.0001671837
0.001861383
0.005805991
0.003574155
0.002381092
0.001876411
4.806117e-05
0.001384507
0.007352554
0.0008746691
0.003316944
6.518827e-05
0.0001710968
8.381382e-05
0.0003454104
0.0002102006
0.001320793
0
0
0.0008202226
0.0005895077
0
0.0001156169
0
0.0001076047
0
0
0
0.00107258
0
1.848991e-05
6.956331e-05
0
0.0003861941
0.00189068
0.0001716404
0
0
2.856515e-05
0.006291327
0.00541722
0.0001100828
0.0004556039
7.84092e-05
0.0004094251
0.000153299
4.994155e-06
0
2.93728e-05
0
0
0.001387036
0.00083965
0.0001434995
0.0002254095
0.0003307534
0.0001012618
0.001772317
0.0001704081
0.000879618
0.003126607
0
0.002014691
5.323603e-05
0
0.0004602003
0.0005835956
0.0001166885
0.0003249261
7.630214e-05
9.609885e-05
0.0002992222
0.0005278755
2.550567e-05
1.810003e-05
0.0002281283
0
0.0001246125
0
0.001815061
0.007166004
0.003633583
0.0002097165
0.0002048839
0
0.001101386
0.002000117
3.485729e-05
0.001156774
0.0004533707
0.0002151435
0.001802197
0.001946722
6.497928e-05
0
8.85877e-05
6.082686e-05
0.0001444664
0
0
3.660461e-05
0
6.637438e-05
0.0005297395
0.007974198
5.460525e-05
0
0
0.002757963
0.0002460289
0.0003082031
8.058471e-05
2.208057e-05
1.835855e-05
0
0.001465882
0.00135578
0.001227732
0.0004706899
0.002174303
0.001797393
0.0003121858
0.0003738274
0.0002876394
0.0009892523
4.817558e-05
3.616738e-05
0
0.0009322394
4.482075e-05
7.00939e-05
0.0007901144
0.0004855626
0.0003453158
0
3.479246e-05
0.0003510678
0
0.001015922
0.0006479
0.000915756
0.0001334123
0.0003456861
0.0003105457
0.0001009786
0.002179435
0.001544561
0.01494985
0.001858031
3.931924e-05
0.0002240472
0.0002527868
1.650154e-05
0.002719664
0.0004925651
8.503954e-05
7.279005e-05
0.000191516
0.005926222
0
0
0.001900727
0.0002608178
0.0001971344
0
0.0006397403
0.00462501
0.0002802842
0.0002419383
0.001552819
0.0002183085
0.0005311829
0.0004390376
0
0.003158408
3.6272e-05
0.000461127
5.537425e-05
0
2.099271e-05
0.0002178678
1.288764e-05
0
0
0
0.0008853068
0.0003605956
9.421051e-05
0
0.0003034578
0.0001341184
0.0001203726
0.0001248933
0.0006409403
0.001139366
0.0006105636
0
0.0002081321
0.0003961701
0.0001367394
0.001147742
0
0
0
0
0.0001143898
0.003759771
0.0007969621
2.600486e-05
0.0001938569
2.766842e-05
0.0002930087
0.002313459
0.009145904
0.002327018
0.0001821161
0.002794086
0.002080373
0.002118878
0.0002153777
0.0002015771
0
0
0
0
0.001205032
3.489623e-05
0.0001830791
0.003187404
0.0002687506
0.0007590643
1.379936e-05
0.0001448074
0.003330922
0.00298542
0.0006075334
0.0009456459
4.005632e-05
0
0.0001584161
0.00015437
0.00150368
0.0002809172
6.880345e-05
1.104914e-05
0.0004003237
0
0.009666416
0.008817835
0.004173091
0.003789499
0.0002579665
0.004172155
9.969224e-05
0.0006869062
0.000413897
0.0003617321
0
0.0003029638
0.0003172343
0
5.176063e-05
6.122582e-05
0
0.0001023193
0.002104992
3.100935e-06
0.0005064136
0.003035438
0.001601269
0.0003879247
0.0001337657
7.937626e-05
0.0006748077
0.00122386
0.0001969759
0.0003780306
0
0
0
0
5.398288e-05
0.0003359767
0.002334456
0.001446179
4.255432e-05
0.001576004
0
0.002737108
0.0002889682
0.001528711
0.0008146288
0.0009345482
0.00403578
0.008472375
0.004901824
0.005004351
0
0
0.001222515
0.0001289495
0
0.007538492
5.61327e-05
0
0
0
0
6.646702e-06
0.0001287931
6.838924e-05
1.114366e-05
0
0.005822915
0
1.212599e-05
0.001172714
0.0005441484
0.0004716935
6.308093e-05
5.555473e-05
0
0.0009988427
5.995148e-06
0.0004112058
0.006373645
1.514351e-05
0.0002675921
0.000632961
0.0003885361
0.0003817776
0.001192158
0.001322511
0.0003988601
0.0003859171
9.011271e-05
0
0
0
0.0008440965
0.00224111
0
0.001421826
0
0.0006393134
0.0001546403
0.0001519798
0
3.553139e-05
0
2.247121e-05
0.001869456
0.001225083
0.0006743905
0.0008723635
0
1.893794e-05
0.003117807
0.0041742
0.006773579
0.001479489
0.0001989795
0.001526957
9.742083e-05
0.0002002542
0.01276815
0.01004787
0
0.007232617
0.001393411
0.00109595
1.039604e-05
0
0.0002948238
0.0003662401
0
4.041992e-05
0.005573856
1.46662e-05
0.001622568
0.0006206431
0.0002549693
0.001121263
0.0004004699
0.001072096
0.000504337
0.004792888
0.0004540489
0.0009588319
0.002486006
0.0008174913
5.996042e-05
0
0
0.0002030592
0.0001005075
3.781594e-05
0.0001425864
0.0008587361
8.502092e-06
0.001238129
0.0004964548
0.000155157
0.0007002609
0.0007630093
0.001168434
0.001299718
0.0007300624
1.185633e-05
0.0003357514
0.0002137238
0.003617508
0.0004857485
0.005157884
0.0006852567
0.000253807
0.004206071
0.006789642
0.0009520674
0.0006305905
0.001388601
0.001108199
9.768476e-05
7.696209e-05
0.001858783
0.01084471
0.003391098
0.005236266
4.791165e-05
0.0004939595
0.0009951468
1.30624e-06
8.122108e-05
0
0.0004565354
0.001962831
0.000175768
0.001254759
0.0001420957
4.043046e-05
0.0004212634
9.799469e-05
1.236392e-05
0.0002333245
2.28967e-05
1.922246e-05
0.0002049248
4.755694e-05
9.77636e-05
0.0001202253
0
0.001257313
0.0003191427
0.0002181488
3.713312e-05
0.003124208
0.000936319
0.0003331697
0.0004013723
0.0009008555
0.0007321964
0.0005954721
0.0007547466
0.003446452
0.003546868
0.0003414885
0
0.0006372066
0.0005156121
0.001386427
0.0005191675
0.0002538744
0.0003427451
1.864867e-05
0
0.002085069
0.0007403701
0.0002565304
0
2.741622e-06
0.0001469174
0
0.001071716
0
0
0.0007146798
0.002938926
0.00341985
0.0009500413
0.001488527
0.002464818
0.002443141
0.0001412544
0
0
0
4.753978e-05
0
0
0.003481157
0.0004599764
0
0
0.0001020049
0.0001179747
0.0006668639
0.001790702
0.0002172201
0.0002645326
0.002905015
0.003011863
0
0
0.001513322
0.001279709
0.0008189149
0.0003965851
2.897557e-05
0
0.0002891438
0.006868104
0.0004527337
0.0009075286
0.001755611
0
0.0005467807
0.0005592034
4.086709e-05
0.0005679052
0.0001264038
0.0001435139
0.0002355471
0
0.000157519
0.00014777
0.0002960246
0
0
0.0008184173
0.0003068924
8.786606e-05
0.000651991
0.0007645639
0.003557342
0.0008912417
0.0008690554
0
0.0001153329
0.0002531829
0.0005073982
0.0001213608
0
0.0006636759
0
8.113958e-05
9.901336e-05
0
6.883377e-05
0
0
0.000542716
0.001602735
0.003486003
0.0008446374
0.0008470602
0
0.000825902
0.005214561
0.0006093777
0.003816368
0.001364299
0
0.004313637
0
0.001525737
0
0.001357565
0.0006395936
0.0001200027
3.551165e-05
0.0001781543
0.003408056
0.0002890987
0.000311732
0.0009411204
0.0001342317
0.002196584
0.001526347
0.002124078
0
0.0008159448
0.003712835
0.0001130044
0.001868178
0.004001058
0.0001372329
0.0008360985
0.0004142084
0.0001611675
0.01164178
0.00231331
6.056806e-05
0
0.006236046
4.761174e-05
0.007395796
0.002357397
0
0.0001340539
0.0002650369
0
0
0
6.090108e-05
0.000148906
0.001935272
0.002669489
0.0007408808
0.0003348158
0
0.005712613
0.0002357773
0.0004068558
5.102057e-05
4.402725e-07
0.0006671635
0.001802047
0
0.0004396911
0.002114986
0.0004604599
1.855232e-05
0
0.000388637
0.001337518
0.00328577
0.0001793022
0.0001375287
0.0009194288
1.150785e-05
0
4.506748e-05
6.346554e-05
0.0001819986
0.001893034
0.00458011
0.0008686215
0.006609766
0.007346096
0.00262864
0.003263867
0.008595384
0.000371924
0.0007839474
3.654181e-05
0
0
1.691035e-05
0.0002608837
0
0.0009833895
1.256764e-05
0
0.009413992
0.006215845
2.143118e-05
0.0002070366
6.507859e-05
0.000167324
0.000321181
0
0.0004602074
0.0001694165
0
5.602207e-05
0.005138893
0.003510309
0.0006654673
4.840208e-05
8.864208e-05
0
0.0003807228
0.002880352
5.95171e-05
0
0
0.0004566917
0.003544932
0.001162326
0.008928908
0.01462523
0.0003737578
0.0003550586
0.001474648
0.0002543771
0.004742572
0.01402385
8.057681e-05
0
0.000549393
0
0
0.0002567306
4.041636e-05
8.413512e-05
1.525905e-05
0
0.00461119
0.0002235454
0.0001347325
0.001329443
0.0001155463
0.0001832092
0.001132067
0.0001910327
0
4.703833e-05
0.0001638379
0.0008122514
0.0001906975
0
0.0006173652
0.0003054926
0.0002747554
0.0001835439
0.002362627
0.00100734
0.005606855
0.002447895
0.001522465
0.002432323
0.0007456144
9.158112e-05
0
6.339867e-05
1.165957e-05
0.0002285708
0.001606812
0.0007396503
0.001380965
1.476751e-05
0.0003113967
7.774092e-05
0.006261248
0.004722517
5.546441e-06
4.297211e-05
0.0001067626
0
0.0006815057
0.0002035092
0
0.001091841
0.001175561
0.0007323003
0.0001907683
0.0001598448
4.877493e-05
0.002541576
0.001583169
0.0003282755
0.000118179
0.0009083511
6.482126e-05
9.102954e-05
0.007875995
0.005048819
3.262128e-05
0
0
0.0002806144
0.001623264
1.88335e-06
1.48271e-05
0
0.001975429
0
0.0003675037
0.00120031
5.249474e-05
5.65028e-05
0
0.000286031
0.0001107207
0.0008670573
0.0001664747
0.0002270638
0
0.000195423
0.0001392496
8.595124e-05
3.387401e-06
0
0.004436963
0.005624696
0.0003523068
2.03418e-05
0
0
0.0006802724
0
0.0007142615
0.001370982
0.00187086
0.002167358
0.002312663
0.0007473661
0.00192393
0.0001826845
1.999907e-05
0.001644328
0.0003657937
0.002475191
4.328361e-05
0
2.333713e-05
9.09099e-05
3.634857e-05
0
0
0.0001058549
0.005391677
7.896124e-05
0.001201854
0.0004709878
0.0008818644
0.0001751222
4.519206e-05
0.001207267
8.945482e-05
0.0004281766
0
3.421216e-06
6.461393e-05
0.0001999049
1.134331e-05
9.635933e-05
0
6.298995e-05
4.001353e-05
0.0004746437
0
7.644681e-06
1.889226e-05
0.0009029589
0.002183774
0.00033453
0.001037582
0.001902059
0.001489289
0.001960805
0.0004533575
0.0001023092
0.0004162009
0.0007598205
3.847353e-05
0.001256401
3.512534e-05
4.410516e-05
0
0.0002017274
0.0006442698
0.0006247225
0.000373112
0.002069517
0
0.0001127914
0.000486476
0.0006561436
0.004617586
0.001494525
0.002530722
0.001087096
0.0003079789
0
0.002225653
0.0007972153
0
0.001412704
0.004309375
0.0009335855
0.002626253
0.001142998
0
9.240237e-05
0.001341818
0.0004198337
0.0003705206
0.001091228
8.972489e-05
0.0001073667
4.136668e-05
0
0.0004249494
0
0
0.0002067731
0.002765637
0.001994471
0.0003678907
0.0002665122
0.0005277699
0.002355444
0.001651508
0.0005198663
0.000451218
0.0002647116
0.005044208
0.001977836
6.888738e-05
4.066026e-05
0.0009195763
1.560305e-05
0.0003432233
9.093031e-05
0.0001925366
0.0004965127
0.0008018172
0.00431704
9.402682e-05
0.0005801263
0.0001666484
0
0.002318522
0.002510552
2.492118e-05
9.899204e-05
6.200962e-05
0.001943194
0.001232416
0.0005340913
7.160218e-05
0
0.002653156
0.0008720933
0.0008484071
0.0004777328
0
0.0001193714
0.001182862
0.0012531
0.0002402666
0.0001129505
2.023956e-05
0
2.769354e-05
0.0001021541
0.007027529
0.0004138774
0.001026149
0
0
0
0.0001392915
0.001841599
0.000452038
0.0001332396
0
0
4.311544e-05
0
7.9803e-05
0
0
6.422052e-05
0.001702883
0.002264735
0.000260502
0.0002388392
0.0003885162
0.0005819645
0.003725823
0.0004599386
0.000499587
0.0007605839
0.0002450201
0.00102331
0.0001388808
0.002800456
0.000591057
0.0002885429
0.009190488
0.003258772
0.000217233
0.001095736
0
0
0.002663113
0.002828699
4.24906e-05
0.001356572
0.001340716
0.002451369
0.00100359
0.0005493497
0.002087225
0.0001273884
0
0
0.0006462881
0.0002223732
0.0001182722
0.0001722606
0
4.325329e-05
0.001407142
0.0001416443
0
0
0.0004156188
0.003436152
0.0005001212
0.0009544239
0.0006362937
0.0004807698
0.0003529508
0.001089775
3.020147e-05
0.0001275317
0.006063698
0.0003509969
0.0001789875
4.914366e-05
0.0004006471
0.0002521388
0.0005115644
0.0004650435
0
0.0001596908
3.538339e-05
0
0.0001758478
0.0007108643
4.382697e-05
0.0006971001
0.005317013
0.008384013
0
0
0
0
0.0007018279
0.003422804
0.0007504178
0.0002469171
0.0003172609
0.0002582048
7.774115e-05
0
3.853062e-05
1.75593e-05
2.288722e-05
0.0003618538
0.0002727376
0.0006281949
0.001637268
0.0003873962
0.003158641
0.002170949
0
0.008421205
0
0.001333497
0.002072445
0.004207799
0
3.701358e-05
0
0
0.001109024
0.001004798
0.0009079282
0.004102607
0.0005897746
0.005460133
0.002194597
0.002073033
0.0002649276
0.0007823383
0.0009626315
0.007398333
0
0
0
0.0001223521
0.002086802
0.0003985301
2.027627e-05
0.000147503
4.524627e-06
3.014961e-05
5.732118e-05
0
5.802512e-05
0
5.815493e-05
0
0
0
0.001086071
6.930599e-05
0.001197288
0
0.0001254207
4.285569e-05
0.002190193
0.0003066326
0.0004172178
0.0003069346
0
0
0.0002620633
0.001366112
0
0
5.69683e-05
1.067371e-05
0
0
0.007232491
0.0003666365
0.0002176235
0
0.00656169
0.001589388
7.974352e-05
0.0002807929
4.565254e-05
0.0001671837
0.001861383
0.005805991
0.003574155
0.002381092
0.001876411
4.806117e-05
0.001384507
0.007352554
0.0008746691
0.003316944
6.518827e-05
0.0001710968
8.381382e-05
0.0003454104
0.0002102006
0.001320793
0
0
0.0008202226
0.0005895077
0
0.0001156169
0
0.0001076047
0
0
0
0.00107258
0
1.848991e-05
6.956331e-05
0
0.0003861941
0.00189068
0.0001716404
0
0
2.856515e-05
0.006291327
0.00541722
0.0001100828
0.0004556039
7.84092e-05
0.0004094251
0.000153299
4.994155e-06
0
2.93728e-05
0
0
0.001387036
0.00083965
0.0001434995
0.0002254095
0.0003307534
0.0001012618
0.001772317
0.0001704081
0.000879618
0.003126607
0
0.002014691
5.323603e-05
0
0.0004602003
0.0005835956
0.0001166885
0.0003249261
7.630214e-05
9.609885e-05
0.0002992222
0.0005278755
2.550567e-05
1.810003e-05
0.0002281283
0
0.0001246125
0
0.001815061
0.007166004
0.003633583
0.0002097165
0.0002048839
0
0.001101386
0.002000117
3.485729e-05
0.001156774
0.0004533707
0.0002151435
0.001802197
0.001946722
6.497928e-05
0
8.85877e-05
6.082686e-05
0.0001444664
0
0
3.660461e-05
0
6.637438e-05
0.0005297395
0.007974198
5.460525e-05
0
0
0.002757963
0.0002460289
0.0003082031
8.058471e-05
2.208057e-05
1.835855e-05
0
0.001465882
0.00135578
0.001227732
0.0004706899
0.002174303
0.001797393
0.0003121858
0.0003738274
0.0002876394
0.0009892523
4.817558e-05
3.616738e-05
0
0.0009322394
4.482075e-05
7.00939e-05
0.0007901144
0.0004855626
0.0003453158
0
3.479246e-05
0.0003510678
0
0.001015922
0.0006479
0.000915756
0.0001334123
0.0003456861
0.0003105457
0.0001009786
0.002179435
0.001544561
0.01494985
0.001858031
3.931924e-05
0.0002240472
0.0002527868
1.650154e-05
0.002719664
0.0004925651
8.503954e-05
7.279005e-05
0.000191516
0.005926222
0
0
0.001900727
0.0002608178
0.0001971344
0
0.0006397403
0.00462501
0.0002802842
0.0002419383
0.001552819
0.0002183085
0.0005311829
0.0004390376
0
0.003158408
3.6272e-05
0.000461127
5.537425e-05
0
2.099271e-05
0.0002178678
1.288764e-05
0
0
0
0.0008853068
0.0003605956
9.421051e-05
0
0.0003034578
0.0001341184
0.0001203726
0.0001248933
0.0006409403
0.001139366
0.0006105636
0
0.0002081321
0.0003961701
0.0001367394
0.001147742
0
0
0
0
0.0001143898
0.003759771
0.0007969621
2.600486e-05
0.0001938569
2.766842e-05
0.0002930087
0.002313459
0.009145904
0.002327018
0.0001821161
0.002794086
0.002080373
0.002118878
0.0002153777
0.0002015771
0
0
0
0
0.001205032
3.489623e-05
0.0001830791
0.003187404
0.0002687506
0.0007590643
1.379936e-05
0.0001448074
0.003330922
0.00298542
0.0006075334
0.0009456459
4.005632e-05
0
0.0001584161
0.00015437
0.00150368
0.0002809172
6.880345e-05
1.104914e-05
0.0004003237
0
0.009666416
0.008817835
0.004173091
0.003789499
0.0002579665
0.004172155
9.969224e-05
0.0006869062
0.000413897
0.0003617321
0
0.0003029638
0.0003172343
0
5.176063e-05
6.122582e-05
0
0.0001023193
0.002104992
3.100935e-06
0.0005064136
0.003035438
0.001601269
0.0003879247
0.0001337657
7.937626e-05
0.0006748077
0.00122386
0.0001969759
0.0003780306
0
0
0
0
5.398288e-05
0.0003359767
0.002334456
0.001446179
4.255432e-05
0.001576004
0
0.002737108
0.0002889682
0.001528711
0.0008146288
0.0009345482
0.00403578
0.008472375
0.004901824
0.005004351
0
0
0.001222515
0.0001289495
0
0.007538492
5.61327e-05
0
0
0
0
6.646702e-06
0.0001287931
6.838924e-05
1.114366e-05
0
0.005822915
0
1.212599e-05
0.001172714
0.0005441484
0.0004716935
6.308093e-05
5.555473e-05
0
0.0009988427
5.995148e-06
0.0004112058
0.006373645
1.514351e-05
0.0002675921
0.000632961
0.0003885361
0.0003817776
0.001192158
0.001322511
0.0003988601
0.0003859171
9.011271e-05
0
0
0
0.0008440965
0.00224111
0
0.001421826
0
0.0006393134
0.0001546403
0.0001519798
0
3.553139e-05
0
2.247121e-05
0.001869456
0.001225083
0.0006743905
0.0008723635
0
1.893794e-05
0.003117807
0.0041742
0.006773579
0.001479489
0.0001989795
0.001526957
9.742083e-05
0.0002002542
0.01276815
0.01004787
0
0.007232617
0.001393411
0.00109595
1.039604e-05
0
0.0002948238
0.0003662401
0
4.041992e-05
0.005573856
1.46662e-05
0.001622568
0.0006206431
0.0002549693
0.001121263
0.0004004699
0.001072096
0.000504337
0.004792888
0.0004540489
0.0009588319
0.002486006
0.0008174913
5.996042e-05
0
0
0.0002030592
0.0001005075
3.781594e-05
0.0001425864
0.0008587361
8.502092e-06
0.001238129
0.0004964548
0.000155157
0.0007002609
0.0007630093
0.001168434
0.001299718
0.0007300624
1.185633e-05
0.0003357514
0.0002137238
0.003617508
0.0004857485
0.005157884
0.0006852567
0.000253807
0.004206071
0.006789642
0.0009520674
0.0006305905
0.001388601
0.001108199
9.768476e-05
7.696209e-05
0.001858783
0.01084471
0.003391098
0.005236266
4.791165e-05
0.0004939595
0.0009951468
1.30624e-06
8.122108e-05
0
0.0004565354
0.001962831
0.000175768
0.001254759
0.0001420957
4.043046e-05
0.0004212634
9.799469e-05
1.236392e-05
0.0002333245
2.28967e-05
1.922246e-05
0.0002049248
4.755694e-05
9.77636e-05
0.0001202253
0
0.001257313
0.0003191427
0.0002181488
3.713312e-05
0.003124208
0.000936319
0.0003331697
0.0004013723
0.0009008555
0.0007321964
0.0005954721
0.0007547466
0.003446452
0.003546868
0.0003414885
0
0.0006372066
0.0005156121
0.001386427
0.0005191675
0.0002538744
0.0003427451
1.864867e-05
0
0.002085069
0.0007403701
0.0002565304
0
2.741622e-06
0.0001469174
0
0.001071716
0
0
0.0007146798
0.002938926
0.00341985
0.0009500413
0.001488527
0.002464818
0.002443141
0.0001412544
0
0
0
4.753978e-05
0
0
0.003481157
0.0004599764
0
0
0.0001020049
0.0001179747
0.0006668639
0.001790702
0.0002172201
0.0002645326
0.002905015
0.003011863
0
0
0.001513322
0.001279709
0.0008189149
0.0003965851
2.897557e-05
0
0.0002891438
0.006868104
0.0004527337
0.0009075286
0.001755611
0
0.0005467807
0.0005592034
4.086709e-05
0.0005679052
0.0001264038
0.0001435139
0.0002355471
0
0.000157519
0.00014777
0.0002960246
0
0
0.0008184173
0.0003068924
8.786606e-05
0.000651991
0.0007645639
0.003557342
0.0008912417
0.0008690554
0
0.0001153329
0.0002531829
0.0005073982
0.0001213608
0
0.0006636759
0
8.113958e-05
9.901336e-05
0
6.883377e-05
0
0
0.000542716
0.001602735
0.003486003
0.0008446374
0.0008470602
0
0.000825902
0.005214561
0.0006093777
0.003816368
0.001364299
0
0.004313637
0
0.001525737
0
0.001357565
0.0006395936
0.0001200027
3.551165e-05
0.0001781543
0.003408056
0.0002890987
0.000311732
0.0009411204
0.0001342317
0.002196584
0.001526347
0.002124078
0
0.0008159448
0.003712835
0.0001130044
0.001868178
0.004001058
0.0001372329
0.0008360985
0.0004142084
0.0001611675
0.01164178
0.00231331
6.056806e-05
0
0.006236046
4.761174e-05
0.007395796
0.002357397
0
0.0001340539
0.0002650369
0
0
0
6.090108e-05
0.000148906
0.001935272
0.002669489
0.0007408808
0.0003348158
0
0.005712613
0.0002357773
0.0004068558
5.102057e-05
4.402725e-07
0.0006671635
0.001802047
0
0.0004396911
0.002114986
0.0004604599
1.855232e-05
0
0.000388637
0.001337518
0.00328577
0.0001793022
0.0001375287
0.0009194288
1.150785e-05
0
4.506748e-05
6.346554e-05
0.0001819986
0.001893034
0.00458011
0.0008686215
0.006609766
0.007346096
0.00262864
0.003263867
0.008595384
0.000371924
0.0007839474
3.654181e-05
0
0
1.691035e-05
0.0002608837
0
0.0009833895
1.256764e-05
0
0.009413992
0.006215845
2.143118e-05
0.0002070366
6.507859e-05
0.000167324
0.000321181
0
0.0004602074
0.0001694165
0
5.602207e-05
0.005138893
0.003510309
0.0006654673
4.840208e-05
8.864208e-05
0
0.0003807228
0.002880352
5.95171e-05
0
0
0.0004566917
0.003544932
0.001162326
0.008928908
0.01462523
0.0003737578
0.0003550586
0.001474648
0.0002543771
0.004742572
0.01402385
8.057681e-05
0
0.000549393
0
0
0.0002567306
4.041636e-05
8.413512e-05
1.525905e-05
0
0.00461119
0.0002235454
0.0001347325
0.001329443
0.0001155463
0.0001832092
0.001132067
0.0001910327
0
4.703833e-05
0.0001638379
0.0008122514
0.0001906975
0
0.0006173652
0.0003054926
0.0002747554
0.0001835439
0.002362627
0.00100734
0.005606855
0.002447895
0.001522465
0.002432323
0.0007456144
9.158112e-05
0
6.339867e-05
1.165957e-05
0.0002285708
0.001606812
0.0007396503
0.001380965
1.476751e-05
0.0003113967
7.774092e-05
0.006261248
0.004722517
5.546441e-06
4.297211e-05
0.0001067626
0
0.0006815057
0.0002035092
0
0.001091841
0.001175561
0.0007323003
0.0001907683
0.0001598448
4.877493e-05
0.002541576
0.001583169
0.0003282755
0.000118179
0.0009083511
6.482126e-05
9.102954e-05
0.007875995
0.005048819
3.262128e-05
0
0
0.0002806144
0.001623264
1.88335e-06
1.48271e-05
0
0.001975429
0
0.0003675037
0.00120031
5.249474e-05
5.65028e-05
0
0.000286031
0.0001107207
0.0008670573
0.0001664747
0.0002270638
0
0.000195423
0.0001392496
8.595124e-05
3.387401e-06
0
0.004436963
0.005624696
0.0003523068
2.03418e-05
0
0
0.0006802724
0
0.0007142615
0.001370982
0.00187086
0.002167358
0.002312663
0.0007473661
0.00192393
0.0001826845
1.999907e-05
0.001644328
0.0003657937
0.002475191
4.328361e-05
0
2.333713e-05
9.09099e-05
3.634857e-05
0
0
0.0001058549
0.005391677
7.896124e-05
0.001201854
0.0004709878
0.0008818644
0.0001751222
4.519206e-05
0.001207267
8.945482e-05
0.0004281766
0
3.421216e-06
6.461393e-05
0.0001999049
1.134331e-05
9.635933e-05
0
6.298995e-05
4.001353e-05
0.0004746437
0
7.644681e-06
1.889226e-05
0.0009029589
0.002183774
0.00033453
0.001037582
0.001902059
0.001489289
0.001960805
0.0004533575
0.0001023092
0.0004162009
0.0007598205
3.847353e-05
0.001256401
3.512534e-05
4.410516e-05
0
0.0002017274
0.0006442698
0.0006247225
0.000373112
0.002069517
0
0.0001127914
0.000486476
0.0006561436
0.004617586
0.001494525
0.002530722
0.001087096
0.0003079789
0
0.002225653
0.0007972153
0
0.001412704
0.004309375
0.0009335855
0.002626253
0.001142998
0
9.240237e-05
0.001341818
0.0004198337
0.0003705206
0.001091228
8.972489e-05
0.0001073667
4.136668e-05
0
0.0004249494
0
0
0.0002067731
0.002765637
0.001994471
0.0003678907
0.0002665122
0.0005277699
0.002355444
0.001651508
0.0005198663
0.000451218
0.0002647116
0.005044208
0.001977836
6.888738e-05
4.066026e-05
0.0009195763
1.560305e-05
0.0003432233
9.093031e-05
0.0001925366
0.0004965127
0.0008018172
0.00431704
9.402682e-05
0.0005801263
0.0001666484
0
0.002318522
0.002510552
2.492118e-05
9.899204e-05
6.200962e-05
0.001943194
0.001232416
0.0005340913
7.160218e-05
0
0.002653156
0.0008720933
0.0008484071
0.0004777328
0
0.0001193714
0.001182862
0.0012531
0.0002402666
0.0001129505
2.023956e-05
0
2.769354e-05
0.0001021541
0.007027529
0.0004138774
0.001026149
0
0
0
0.0001392915
0.001841599
0.000452038
0.0001332396
0
0
4.311544e-05
0
7.9803e-05
0
0
6.422052e-05
0.001702883
0.002264735
0.000260502
0.0002388392
0.0003885162
0.0005819645
0.003725823
0.0004599386
0.000499587
0.0007605839
0.0002450201
0.00102331
0.0001388808
0.002800456
0.000591057
0.0002885429
0.009190488
0.003258772
0.000217233
0.001095736
0
0
0.002663113
0.002828699
4.24906e-05
0.001356572
0.001340716
0.002451369
0.00100359
0.0005493497
0.002087225
0.0001273884
0
0
0.0006462881
0.0002223732
0.0001182722
0.0001722606
0
4.325329e-05
0.001407142
0.0001416443
0
0
0.0004156188
0.003436152
0.0005001212
0.0009544239
0.0006362937
0.0004807698
0.0003529508
0.001089775
3.020147e-05
0.0001275317
0.006063698
0.0003509969
0.0001789875
4.914366e-05
0.0004006471
0.0002521388
0.0005115644
0.0004650435
0
0.0001596908
3.538339e-05
0
0.0001758478
0.0007108643
4.382697e-05
0.0006971001
0.005317013
0.008384013
0
0
0
0
0.0007018279
0.003422804
0.0007504178
0.0002469171
0.0003172609
0.0002582048
7.774115e-05
0
3.853062e-05
1.75593e-05
2.288722e-05
0.0003618538
0.0002727376
0.0006281949
0.001637268
0.0003873962
0.003158641
0.002170949
0
0.008421205
0
0.001333497
0.002072445
0.004207799
0
3.701358e-05
0
0
0.001109024
0.001004798
0.0009079282
0.004102607
0.0005897746
0.005460133
0.002194597
0.002073033
0.0002649276
0.0007823383
0.0009626315
0.007398333
0
0
0
0.0001223521
0.002086802
0.0003985301
2.027627e-05
0.000147503
4.524627e-06
3.014961e-05
5.732118e-05
0
5.802512e-05
0
5.815493e-05
0
0
0
0.001086071
6.930599e-05
0.001197288
0
0.0001254207
4.285569e-05
0.002190193
0.0003066326
0.0004172178
0.0003069346
0
0
0.0002620633
0.001366112
0
0
5.69683e-05
1.067371e-05
0
0
0.007232491
0.0003666365
0.0002176235
0
0.00656169
0.001589388
7.974352e-05
0.0002807929
4.565254e-05
0.0001671837
0.001861383
0.005805991
0.003574155
0.002381092
0.001876411
4.806117e-05
0.001384507
0.007352554
0.0008746691
0.003316944
6.518827e-05
0.0001710968
8.381382e-05
0.0003454104
0.0002102006
0.001320793
0
0
0.0008202226
0.0005895077
0
0.0001156169
0
0.0001076047
0
0
0
0.00107258
0
1.848991e-05
6.956331e-05
0
0.0003861941
0.00189068
0.0001716404
0
0
2.856515e-05
0.006291327
0.00541722
0.0001100828
0.0004556039
7.84092e-05
0.0004094251
0.000153299
4.994155e-06
0
2.93728e-05
0
0
0.001387036
0.00083965
0.0001434995
0.0002254095
0.0003307534
0.0001012618
0.001772317
0.0001704081
0.000879618
0.003126607
0
0.002014691
5.323603e-05
0
0.0004602003
0.0005835956
0.0001166885
0.0003249261
7.630214e-05
9.609885e-05
0.0002992222
0.0005278755
2.550567e-05
1.810003e-05
0.0002281283
0
0.0001246125
0
0.001815061
0.007166004
0.003633583
0.0002097165
0.0002048839
0
0.001101386
0.002000117
3.485729e-05
0.001156774
0.0004533707
0.0002151435
0.001802197
0.001946722
6.497928e-05
0
8.85877e-05
6.082686e-05
0.0001444664
0
0
3.660461e-05
0
6.637438e-05
0.0005297395
0.007974198
5.460525e-05
0
0
0.002757963
0.0002460289
0.0003082031
8.058471e-05
2.208057e-05
1.835855e-05
0
0.001465882
0.00135578
0.001227732
0.0004706899
0.002174303
0.001797393
0.0003121858
0.0003738274
0.0002876394
0.0009892523
4.817558e-05
3.616738e-05
0
0.0009322394
4.482075e-05
7.00939e-05
0.0007901144
0.0004855626
0.0003453158
0
3.479246e-05
0.0003510678
0
0.001015922
0.0006479
0.000915756
0.0001334123
0.0003456861
0.0003105457
0.0001009786
0.002179435
0.001544561
0.01494985
0.001858031
3.931924e-05
0.0002240472
0.0002527868
1.650154e-05
0.002719664
0.0004925651
8.503954e-05
7.279005e-05
0.000191516
0.005926222
0
0
0.001900727
0.0002608178
0.0001971344
0
0.0006397403
0.00462501
0.0002802842
0.0002419383
0.001552819
0.0002183085
0.0005311829
0.0004390376
0
0.003158408
3.6272e-05
0.000461127
5.537425e-05
0
2.099271e-05
0.0002178678
1.288764e-05
0
0
0
0.0008853068
0.0003605956
9.421051e-05
0
0.0003034578
0.0001341184
0.0001203726
0.0001248933
0.0006409403
0.001139366
0.0006105636
0
0.0002081321
0.0003961701
0.0001367394
0.001147742
0
0
0
0
0.0001143898
0.003759771
0.0007969621
2.600486e-05
0.0001938569
2.766842e-05
0.0002930087
0.002313459
0.009145904
0.002327018
0.0001821161
0.002794086
0.002080373
0.002118878
0.0002153777
0.0002015771
0
0
0
0
0.001205032
3.489623e-05
0.0001830791
0.003187404
0.0002687506
0.0007590643
1.379936e-05
0.0001448074
0.003330922
0.00298542
0.0006075334
0.0009456459
4.005632e-05
0
0.0001584161
0.00015437
0.00150368
0.0002809172
6.880345e-05
1.104914e-05
0.0004003237
0
0.009666416
0.008817835
0.004173091
0.003789499
0.0002579665
0.004172155
9.969224e-05
0.0006869062
0.000413897
0.0003617321
0
0.0003029638
0.0003172343
0
5.176063e-05
6.122582e-05
0
0.0001023193
0.002104992
3.100935e-06
0.0005064136
0.003035438
0.001601269
0.0003879247
0.0001337657
7.937626e-05
0.0006748077
0.00122386
0.0001969759
0.0003780306
0
0
0
0
5.398288e-05
0.0003359767
0.002334456
0.001446179
4.255432e-05
0.001576004
0
0.002737108
0.0002889682
0.001528711
0.0008146288
0.0009345482
0.00403578
0.008472375
0.004901824
0.005004351
0
0
0.001222515
0.0001289495
0
0.007538492
5.61327e-05
0
0
0
0
6.646702e-06
0.0001287931
6.838924e-05
1.114366e-05
0
0.005822915
0
1.212599e-05
0.001172714
0.0005441484
0.0004716935
6.308093e-05
5.555473e-05
0
0.0009988427
5.995148e-06
0.0004112058
0.006373645
1.514351e-05
0.0002675921
0.000632961
0.0003885361
0.0003817776
0.001192158
0.001322511
0.0003988601
0.0003859171
9.011271e-05
0
0
0
0.0008440965
0.00224111
0
0.001421826
0
0.0006393134
0.0001546403
0.0001519798
0
3.553139e-05
0
2.247121e-05
0.001869456
0.001225083
0.0006743905
0.0008723635
0
1.893794e-05
0.003117807
0.0041742
0.006773579
0.001479489
0.0001989795
0.001526957
9.742083e-05
0.0002002542
0.01276815
0.01004787
0
0.007232617
0.001393411
0.00109595
1.039604e-05
0
0.0002948238
0.0003662401
0
4.041992e-05
0.005573856
1.46662e-05
0.001622568
0.0006206431
0.0002549693
0.001121263
0.0004004699
0.001072096
0.000504337
0.004792888
0.0004540489
0.0009588319
0.002486006
0.0008174913
5.996042e-05
0
0
0.0002030592
0.0001005075
3.781594e-05
0.0001425864
0.0008587361
8.502092e-06
0.001238129
0.0004964548
0.000155157
0.0007002609
0.0007630093
0.001168434
0.001299718
0.0007300624
1.185633e-05
0.0003357514
0.0002137238
0.003617508
0.0004857485
0.005157884
0.0006852567
0.000253807
0.004206071
0.006789642
0.0009520674
0.0006305905
0.001388601
0.001108199
9.768476e-05
7.696209e-05
0.001858783
0.01084471
0.003391098
0.005236266
4.791165e-05
0.0004939595
0.0009951468
1.30624e-06
8.122108e-05
0
0.0004565354
0.001962831
0.000175768
0.001254759
0.0001420957
4.043046e-05
0.0004212634
9.799469e-05
1.236392e-05
0.0002333245
2.28967e-05
1.922246e-05
0.0002049248
4.755694e-05
9.77636e-05
0.0001202253
0
0.001257313
0.0003191427
0.0002181488
3.713312e-05
0.003124208
0.000936319
0.0003331697
0.0004013723
0.0009008555
0.0007321964
0.0005954721
0.0007547466
0.003446452
0.003546868
0.0003414885
0
0.0006372066
0.0005156121
0.001386427
0.0005191675
0.0002538744
0.0003427451
1.864867e-05
0
0.002085069
0.0007403701
0.0002565304
0
2.741622e-06
0.0001469174
0
0.001071716
0
0
0.0007146798
0.002938926
0.00341985
0.0009500413
0.001488527
0.002464818
0.002443141
0.0001412544
0
0
0
4.753978e-05
0
0
0.003481157
0.0004599764
0
0
0.0001020049
0.0001179747
0.0006668639
0.001790702
0.0002172201
0.0002645326
0.002905015
0.003011863
0
0
0.001513322
0.001279709
0.0008189149
0.0003965851
2.897557e-05
0
0.0002891438
0.006868104
0.0004527337
0.0009075286
0.001755611
0
0.0005467807
0.0005592034
4.086709e-05
0.0005679052
0.0001264038
0.0001435139
0.0002355471
0
0.000157519
0.00014777
0.0002960246
0
0
0.0008184173
0.0003068924
8.786606e-05
0.000651991
0.0007645639
0.003557342
0.0008912417
0.0008690554
0
0.0001153329
0.0002531829
0.0005073982
0.0001213608
0
0.0006636759
0
8.113958e-05
9.901336e-05
0
6.883377e-05
0
0
0.000542716
0.001602735
0.003486003
0.0008446374
0.0008470602
0
0.000825902
0.005214561
0.0006093777
0.003816368
0.001364299
0
0.004313637
0
0.001525737
0
0.001357565
0.0006395936
0.0001200027
3.551165e-05
0.0001781543
0.003408056
0.0002890987
0.000311732
0.0009411204
0.0001342317
0.002196584
0.001526347
0.002124078
0
0.0008159448
0.003712835
0.0001130044
0.001868178
0.004001058
0.0001372329
0.0008360985
0.0004142084
0.0001611675
0.01164178
0.00231331
6.056806e-05
0
0.006236046
4.761174e-05
0.007395796
0.002357397
0
0.0001340539
0.0002650369
0
0
0
6.090108e-05
0.000148906
0.001935272
0.002669489
0.0007408808
0.0003348158
0
0.005712613
0.0002357773
0.0004068558
5.102057e-05
4.402725e-07
0.0006671635
0.001802047
0
0.0004396911
0.002114986
0.0004604599
1.855232e-05
0
0.000388637
0.001337518
0.00328577
0.0001793022
0.0001375287
0.0009194288
1.150785e-05
0
4.506748e-05
6.346554e-05
0.0001819986
0.001893034
0.00458011
0.0008686215
0.006609766
0.007346096
0.00262864
0.003263867
0.008595384
0.000371924
0.0007839474
3.654181e-05
0
0
1.691035e-05
0.0002608837
0
0.0009833895
1.256764e-05
0
0.009413992
0.006215845
2.143118e-05
0.0002070366
6.507859e-05
0.000167324
0.000321181
0
0.0004602074
0.0001694165
0
5.602207e-05
0.005138893
0.003510309
0.0006654673
4.840208e-05
8.864208e-05
0
0.0003807228
0.002880352
5.95171e-05
0
0
0.0004566917
0.003544932
0.001162326
0.008928908
0.01462523
0.0003737578
0.0003550586
0.001474648
0.0002543771
0.004742572
0.01402385
8.057681e-05
0
0.000549393
0
0
0.0002567306
4.041636e-05
8.413512e-05
1.525905e-05
0
0.00461119
0.0002235454
0.0001347325
0.001329443
0.0001155463
0.0001832092
0.001132067
0.0001910327
0
4.703833e-05
0.0001638379
0.0008122514
0.0001906975
0
0.0006173652
0.0003054926
0.0002747554
0.0001835439
0.002362627
0.00100734
0.005606855
0.002447895
0.001522465
0.002432323
0.0007456144
9.158112e-05
0
6.339867e-05
1.165957e-05
0.0002285708
0.001606812
0.0007396503
0.001380965
1.476751e-05
0.0003113967
7.774092e-05
0.006261248
0.004722517
5.546441e-06
4.297211e-05
0.0001067626
0
0.0006815057
0.0002035092
0
0.001091841
0.001175561
0.0007323003
0.0001907683
0.0001598448
4.877493e-05
0.002541576
0.001583169
0.0003282755
0.000118179
0.0009083511
6.482126e-05
9.102954e-05
0.007875995
0.005048819
3.262128e-05
0
0
0.0002806144
0.001623264
1.88335e-06
1.48271e-05
0
0.001975429
0
0.0003675037
0.00120031
5.249474e-05
5.65028e-05
0
0.000286031
0.0001107207
0.0008670573
0.0001664747
0.0002270638
0
0.000195423
0.0001392496
8.595124e-05
3.387401e-06
0
0.004436963
0.005624696
0.0003523068
2.03418e-05
0
0
0.0006802724
0
0.0007142615
0.001370982
0.00187086
0.002167358
0.002312663
0.0007473661
0.00192393
0.0001826845
1.999907e-05
0.001644328
0.0003657937
0.002475191
4.328361e-05
0
2.333713e-05
9.09099e-05
3.634857e-05
0
0
0.0001058549
0.005391677
7.896124e-05
0.001201854
0.0004709878
0.0008818644
0.0001751222
4.519206e-05
0.001207267
8.945482e-05
0.0004281766
0
3.421216e-06
6.461393e-05
0.0001999049
1.134331e-05
9.635933e-05
0
6.298995e-05
4.001353e-05
0.0004746437
0
7.644681e-06
1.889226e-05
0.0009029589
0.002183774
0.00033453
0.001037582
0.001902059
0.001489289
0.001960805
0.0004533575
0.0001023092
0.0004162009
0.0007598205
3.847353e-05
0.001256401
3.512534e-05
4.410516e-05
0
0.0002017274
0.0006442698
0.0006247225
0.000373112
0.002069517
0
0.0001127914
0.000486476
0.0006561436
0.004617586
0.001494525
0.002530722
0.001087096
0.0003079789
0
0.002225653
0.0007972153
0
0.001412704
0.004309375
0.0009335855
0.002626253
0.001142998
0
9.240237e-05
0.001341818
0.0004198337
0.0003705206
0.001091228
8.972489e-05
0.0001073667
4.136668e-05
0
0.0004249494
0
0
0.0002067731
0.002765637
0.001994471
0.0003678907
0.0002665122
0.0005277699
0.002355444
0.001651508
0.0005198663
0.000451218
0.0002647116
0.005044208
0.001977836
6.888738e-05
4.066026e-05
0.0009195763
1.560305e-05
0.0003432233
9.093031e-05
0.0001925366
0.0004965127
0.0008018172
0.00431704
9.402682e-05
0.0005801263
0.0001666484
0
0.002318522
0.002510552
2.492118e-05
9.899204e-05
6.200962e-05
0.001943194
0.001232416
0.0005340913
7.160218e-05
0
0.002653156
0.0008720933
0.0008484071
0.0004777328
0
0.0001193714
0.001182862
0.0012531
0.0002402666
0.0001129505
2.023956e-05
0
2.769354e-05
0.0001021541
0.007027529
0.0004138774
0.001026149
0
0
0
0.0001392915
0.001841599
0.000452038
0.0001332396
0
0
4.311544e-05
0
7.9803e-05
0
0
6.422052e-05
0.001702883
0.002264735
0.000260502
0.0002388392
0.0003885162
0.0005819645
0.003725823
0.0004599386
0.000499587
0.0007605839
0.0002450201
0.00102331
0.0001388808
0.002800456
0.000591057
0.0002885429
0.009190488
0.003258772
0.000217233
0.001095736
0
0
0.002663113
0.002828699
4.24906e-05
0.001356572
0.001340716
0.002451369
0.00100359
0.0005493497
0.002087225
0.0001273884
0
0
0.0006462881
0.0002223732
0.0001182722
0.0001722606
0
4.325329e-05
0.001407142
0.0001416443
0
0
0.0004156188
0.003436152
0.0005001212
0.0009544239
0.0006362937
0.0004807698
0.0003529508
0.001089775
3.020147e-05
0.0001275317
0.006063698
0.0003509969
0.0001789875
4.914366e-05
0.0004006471
0.0002521388
0.0005115644
0.0004650435
0
0.0001596908
3.538339e-05
0
0.0001758478
0.0007108643
4.382697e-05
0.0006971001
0.005317013
0.008384013
0
0
0
0
0.0007018279
0.003422804
0.0007504178
0.0002469171
0.0003172609
0.0002582048
7.774115e-05
0
3.853062e-05
1.75593e-05
2.288722e-05
0.0003618538
0.0002727376
0.0006281949
0.001637268
0.0003873962
0.003158641
0.002170949
0
0.008421205
0
0.001333497
0.002072445
0.004207799
0
3.701358e-05
0
0
0.001109024
0.001004798
0.0009079282
0.004102607
0.0005897746
0.005460133
0.002194597
0.002073033
0.0002649276
0.0007823383
0.0009626315
0.007398333
0
0
0
0.0001223521
0.002086802
0.0003985301
2.027627e-05
0.000147503
4.524627e-06
3.014961e-05
5.732118e-05
0
5.802512e-05
0
5.815493e-05
0
0
0
0.001086071
6.930599e-05
0.001197288
0
0.0001254207
4.285569e-05
0.002190193
0.0003066326
0.0004172178
0.0003069346
0
0
0.0002620633
0.001366112
0
0
5.69683e-05
1.067371e-05
0
0
0.007232491
0.0003666365
0.0002176235
0
0.00656169
0.001589388
7.974352e-05
0.0002807929
4.565254e-05
0.0001671837
0.001861383
0.005805991
0.003574155
0.002381092
0.001876411
4.806117e-05
0.001384507
0.007352554
0.0008746691
0.003316944
6.518827e-05
0.0001710968
8.381382e-05
0.0003454104
0.0002102006
0.001320793
0
0
0.0008202226
0.0005895077
0
0.0001156169
0
0.0001076047
0
0
0
0.00107258
0
1.848991e-05
6.956331e-05
0
0.0003861941
0.00189068
0.0001716404
0
0
2.856515e-05
0.006291327
0.00541722
0.0001100828
0.0004556039
7.84092e-05
0.0004094251
0.000153299
4.994155e-06
0
2.93728e-05
0
0
0.001387036
0.00083965
0.0001434995
0.0002254095
0.0003307534
0.0001012618
0.001772317
0.0001704081
0.000879618
0.003126607
0
0.002014691
5.323603e-05
0
0.0004602003
0.0005835956
0.0001166885
0.0003249261
7.630214e-05
9.609885e-05
0.0002992222
0.0005278755
2.550567e-05
1.810003e-05
0.0002281283
0
0.0001246125
0
0.001815061
0.007166004
0.003633583
0.0002097165
0.0002048839
0
0.001101386
0.002000117
3.485729e-05
0.001156774
0.0004533707
0.0002151435
0.001802197
0.001946722
6.497928e-05
0
8.85877e-05
6.082686e-05
0.0001444664
0
0
3.660461e-05
0
6.637438e-05
0.0005297395
0.007974198
5.460525e-05
0
0
0.002757963
0.0002460289
0.0003082031
8.058471e-05
2.208057e-05
1.835855e-05
0
0.001465882
0.00135578
0.001227732
0.0004706899
0.002174303
0.001797393
0.0003121858
0.0003738274
0.0002876394
0.0009892523
4.817558e-05
3.616738e-05
0
0.0009322394
4.482075e-05
7.00939e-05
0.0007901144
0.0004855626
0.0003453158
0
3.479246e-05
0.0003510678
0
0.001015922
0.0006479
0.000915756
0.0001334123
0.0003456861
0.0003105457
0.0001009786
0.002179435
0.001544561
0.01494985
0.001858031
3.931924e-05
0.0002240472
0.0002527868
1.650154e-05
0.002719664
0.0004925651
8.503954e-05
7.279005e-05
0.000191516
0.005926222
0
0
0.001900727
0.0002608178
0.0001971344
0
0.0006397403
0.00462501
0.0002802842
0.0002419383
0.001552819
0.0002183085
0.0005311829
0.0004390376
0
0.003158408
3.6272e-05
0.000461127
5.537425e-05
0
2.099271e-05
0.0002178678
1.288764e-05
0
0
0
0.0008853068
0.0003605956
9.421051e-05
0
0.0003034578
0.0001341184
0.0001203726
0.0001248933
0.0006409403
0.001139366
0.0006105636
0
0.0002081321
0.0003961701
0.0001367394
0.001147742
0
0
0
0
0.0001143898
0.003759771
0.0007969621
2.600486e-05
0.0001938569
2.766842e-05
0.0002930087
0.002313459
0.009145904
0.002327018
0.0001821161
0.002794086
0.002080373
0.002118878
0.0002153777
0.0002015771
0
0
0
0
0.001205032
3.489623e-05
0.0001830791
0.003187404
0.0002687506
0.0007590643
1.379936e-05
0.0001448074
0.003330922
0.00298542
0.0006075334
0.0009456459
4.005632e-05
0
0.0001584161
0.00015437
0.00150368
0.0002809172
6.880345e-05
1.104914e-05
0.0004003237
0
0.009666416
0.008817835
0.004173091
0.003789499
0.0002579665
0.004172155
9.969224e-05
0.0006869062
0.000413897
0.0003617321
0
0.0003029638
0.0003172343
0
5.176063e-05
6.122582e-05
0
0.0001023193
0.002104992
3.100935e-06
0.0005064136
0.003035438
0.001601269
0.0003879247
0.0001337657
7.937626e-05
0.0006748077
0.00122386
0.0001969759
0.0003780306
0
0
0
0
5.398288e-05
0.0003359767
0.002334456
0.001446179
4.255432e-05
0.001576004
0
0.002737108
0.0002889682
0.001528711
0.0008146288
0.0009345482
0.00403578
0.008472375
0.004901824
0.005004351
0
0
0.001222515
0.0001289495
0
0.007538492
5.61327e-05
0
0
0
0
6.646702e-06
0.0001287931
6.838924e-05
1.114366e-05
0
0.005822915
0
1.212599e-05
0.001172714
0.0005441484
0.0004716935
6.308093e-05
5.555473e-05
0
0.0009988427
5.995148e-06
0.0004112058
0.006373645
1.514351e-05
0.0002675921
0.000632961
0.0003885361
0.0003817776
0.001192158
0.001322511
0.0003988601
0.0003859171
9.011271e-05
0
0
0
0.0008440965
0.00224111
0
0.001421826
0
0.0006393134
0.0001546403
0.0001519798
0
3.553139e-05
0
2.247121e-05
0.001869456
0.001225083
0.0006743905
0.0008723635
0
1.893794e-05
0.003117807
0.0041742
0.006773579
0.001479489
0.0001989795
0.001526957
9.742083e-05
0.0002002542
0.01276815
0.01004787
0
0.007232617
0.001393411
0.00109595
1.039604e-05
0
0.0002948238
0.0003662401
0
4.041992e-05
0.005573856
1.46662e-05
0.001622568
0.0006206431
0.0002549693
0.001121263
0.0004004699
0.001072096
0.000504337
0.004792888
0.0004540489
0.0009588319
0.002486006
0.0008174913
5.996042e-05
0
0
0.0002030592
0.0001005075
3.781594e-05
0.0001425864
0.0008587361
8.502092e-06
0.001238129
0.0004964548
0.000155157
0.0007002609
0.0007630093
0.001168434
0.001299718
0.0007300624
1.185633e-05
0.0003357514
0.0002137238
0.003617508
0.0004857485
0.005157884
0.0006852567
0.000253807
0.004206071
0.006789642
0.0009520674
0.0006305905
0.001388601
0.001108199
9.768476e-05
7.696209e-05
0.001858783
0.01084471
0.003391098
0.005236266
4.791165e-05
0.0004939595
0.0009951468
1.30624e-06
8.122108e-05
0
0.0004565354
0.001962831
0.000175768
0.001254759
0.0001420957
4.043046e-05
0.0004212634
9.799469e-05
1.236392e-05
0.0002333245
2.28967e-05
1.922246e-05
0.0002049248
4.755694e-05
9.77636e-05
0.0001202253
0
0.001257313
0.0003191427
0.0002181488
3.713312e-05
0.003124208
0.000936319
0.0003331697
0.0004013723
0.0009008555
0.0007321964
0.0005954721
0.0007547466
0.003446452
0.003546868
0.0003414885
0
0.0006372066
0.0005156121
0.001386427
0.0005191675
0.0002538744
0.0003427451
1.864867e-05
0
0.002085069
0.0007403701
0.0002565304
0
2.741622e-06
0.0001469174
0
0.001071716
0
0
0.0007146798
0.002938926
0.00341985
0.0009500413
0.001488527
0.002464818
0.002443141
0.0001412544
0
0
0
4.753978e-05
0
0
0.003481157
0.0004599764
0
0
0.0001020049
0.0001179747
0.0006668639
0.001790702
0.0002172201
0.0002645326
0.002905015
0.003011863
0
0
0.001513322
0.001279709
0.0008189149
0.0003965851
2.897557e-05
0
0.0002891438
0.006868104
0.0004527337
0.0009075286
0.001755611
0
0.0005467807
0.0005592034
4.086709e-05
0.0005679052
0.0001264038
0.0001435139
0.0002355471
0
0.000157519
0.00014777
0.0002960246
0
0
0.0008184173
0.0003068924
8.786606e-05
0.000651991
0.0007645639
0.003557342
0.0008912417
0.0008690554
0
0.0001153329
0.0002531829
0.0005073982
0.0001213608
0
0.0006636759
0
8.113958e-05
9.901336e-05
0
6.883377e-05
0
0
0.000542716
0.001602735
0.003486003
0.0008446374
0.0008470602
0
0.000825902
0.005214561
0.0006093777
0.003816368
0.001364299
0
0.004313637
0
0.001525737
0
0.001357565
0.0006395936
0.0001200027
3.551165e-05
0.0001781543
0.003408056
0.0002890987
0.000311732
0.0009411204
0.0001342317
0.002196584
0.001526347
0.002124078
0
0.0008159448
0.003712835
0.0001130044
0.001868178
0.004001058
0.0001372329
0.0008360985
0.0004142084
0.0001611675
0.01164178
0.00231331
6.056806e-05
0
0.006236046
4.761174e-05
0.007395796
0.002357397
0
0.0001340539
0.0002650369
0
0
0
6.090108e-05
0.000148906
0.001935272
0.002669489
0.0007408808
0.0003348158
0
0.005712613
0.0002357773
0.0004068558
5.102057e-05
4.402725e-07
0.0006671635
0.001802047
0
0.0004396911
0.002114986
0.0004604599
1.855232e-05
0
0.000388637
0.001337518
0.00328577
0.0001793022
0.0001375287
0.0009194288
1.150785e-05
0
4.506748e-05
6.346554e-05
0.0001819986
0.001893034
0.00458011
0.0008686215
0.006609766
0.007346096
0.00262864
0.003263867
0.008595384
0.000371924
0.0007839474
3.654181e-05
0
0
1.691035e-05
0.0002608837
0
0.0009833895
1.256764e-05
0
0.009413992
0.006215845
2.143118e-05
0.0002070366
6.507859e-05
0.000167324
0.000321181
0
0.0004602074
0.0001694165
0
5.602207e-05
0.005138893
0.003510309
0.0006654673
4.840208e-05
8.864208e-05
0
0.0003807228
0.002880352
5.95171e-05
0
0
0.0004566917
0.003544932
0.001162326
0.008928908
0.01462523
0.0003737578
0.0003550586
0.001474648
0.0002543771
0.004742572
0.01402385
8.057681e-05
0
0.000549393
0
0
0.0002567306
4.041636e-05
8.413512e-05
1.525905e-05
0
0.00461119
0.0002235454
0.0001347325
0.001329443
0.0001155463
0.0001832092
0.001132067
0.0001910327
0
4.703833e-05
0.0001638379
0.0008122514
0.0001906975
0
0.0006173652
0.0003054926
0.0002747554
0.0001835439
0.002362627
0.00100734
0.005606855
0.002447895
0.001522465
0.002432323
0.0007456144
9.158112e-05
0
6.339867e-05
1.165957e-05
0.0002285708
0.001606812
0.0007396503
0.001380965
1.476751e-05
0.0003113967
7.774092e-05
0.006261248
0.004722517
5.546441e-06
4.297211e-05
0.0001067626
0
0.0006815057
0.0002035092
0
0.001091841
0.001175561
0.0007323003
0.0001907683
0.0001598448
4.877493e-05
0.002541576
0.001583169
0.0003282755
0.000118179
0.0009083511
6.482126e-05
9.102954e-05
0.007875995
0.005048819
3.262128e-05
0
0
0.0002806144
0.001623264
1.88335e-06
1.48271e-05
0
0.001975429
0
0.0003675037
0.00120031
5.249474e-05
5.65028e-05
0
0.000286031
0.0001107207
0.0008670573
0.0001664747
0.0002270638
0
0.000195423
0.0001392496
8.595124e-05
3.387401e-06
0
0.004436963
0.005624696
0.0003523068
2.03418e-05
0
0
0.0006802724
0
0.0007142615
0.001370982
0.00187086
0.002167358
0.002312663
0.0007473661
0.00192393
0.0001826845
1.999907e-05
0.001644328
0.0003657937
0.002475191
4.328361e-05
0
2.333713e-05
9.09099e-05
3.634857e-05
0
0
0.0001058549
0.005391677
7.896124e-05
0.001201854
0.0004709878
0.0008818644
0.0001751222
4.519206e-05
0.001207267
8.945482e-05
0.0004281766
0
3.421216e-06
6.461393e-05
0.0001999049
1.134331e-05
9.635933e-05
0
6.298995e-05
4.001353e-05
0.0004746437
0
7.644681e-06
1.889226e-05
0.0009029589
0.002183774
0.00033453
0.001037582
0.001902059
0.001489289
0.001960805
0.0004533575
0.0001023092
0.0004162009
0.0007598205
3.847353e-05
0.001256401
3.512534e-05
4.410516e-05
0
0.0002017274
0.0006442698
0.0006247225
0.000373112
0.002069517
0
0.0001127914
0.000486476
0.0006561436
0.004617586
0.001494525
0.002530722
0.001087096
0.0003079789
0
0.002225653
0.0007972153
0
0.001412704
0.004309375
0.0009335855
0.002626253
0.001142998
0
9.240237e-05
0.001341818
0.0004198337
0.0003705206
0.001091228
8.972489e-05
0.0001073667
4.136668e-05
0
0.0004249494
0
0
0.0002067731
0.002765637
0.001994471
0.0003678907
0.0002665122
0.0005277699
0.002355444
0.001651508
0.0005198663
0.000451218
0.0002647116
0.005044208
0.001977836
6.888738e-05
4.066026e-05
0.0009195763
1.560305e-05
0.0003432233
9.093031e-05
0.001816824
0.001193325
0.0001151257
0.006926316
0.0001360461
7.2219e-05
0.0007690042
0
0
0.0007603335
0.003567602
0.001338425
0.0003513448
0.0002466428
0.0001901823
0.002486156
0.0008795374
0.004668469
0.0005729173
7.638949e-05
0.00127982
0.001327408
0.00156853
0.001806424
