0.001080343
0.0008532726
0.0006405522
0.0008284601
0.0004682365
0.0014329
0.0004276948
2.048641e-05
0.0007551966
0.001069402
0.0008478778
0.002293705
0.001780493
0.0006279255
0.0002004079
0.0009000928
0.0006690557
0.001133427
0.0002981808
0.0002771704
0.002283504
0.000949572
8.642868e-05
0.001375865
0.002672491
0.0003584725
0.002554679
0.001568038
0.0004625772
2.500342e-05
0.0002022553
0.0006437316
0.0003920547
1.127367e-05
0.002661305
0.001373458
0.002769464
0.0008095203
0.0004901206
3.72036e-05
0.0001934388
0.0004128467
0.002127011
3.127766e-05
0.0005046016
0.001327274
0.0002564411
0.0001738507
0.001555634
0.001191614
0.000934844
5.981003e-05
0.001434486
0.0005611334
0.0004904475
0.001059355
0.0003822457
0.0002893179
0.0004942397
0.000769103
0.002890089
0.001581299
0.0003931132
0.001259683
0.0007710046
5.118707e-05
0.0002233522
0.0004105247
0.0004165579
0.0006456935
0.0006084934
0.003108063
6.949246e-05
0.0009397044
0.001338021
0.00035624
0.003160738
0.002196552
0.0002326379
0.0003872332
0.001080343
0.0008532726
0.0006405522
0.0008284601
0.0004682365
0.0014329
0.0004276948
2.048641e-05
0.0007551966
0.001069402
0.0008478778
0.002293705
0.001780493
0.0006279255
0.0002004079
0.0009000928
0.0006690557
0.001133427
0.0002981808
0.0002771704
0.002283504
0.000949572
8.642868e-05
0.001375865
0.002672491
0.0003584725
0.002554679
0.001568038
0.0004625772
2.500342e-05
0.0002022553
0.0006437316
0.0003920547
1.127367e-05
0.002661305
0.001373458
0.002769464
0.0008095203
0.0004901206
3.72036e-05
0.0001934388
0.0004128467
0.002127011
3.127766e-05
0.0005046016
0.001327274
0.0002564411
0.0001738507
0.001555634
0.001191614
0.000934844
5.981003e-05
0.001434486
0.0005611334
0.0004904475
0.001059355
0.0003822457
0.0002893179
0.0004942397
0.000769103
0.002890089
0.001581299
0.0003931132
0.001259683
0.0007710046
5.118707e-05
0.0002233522
0.0004105247
0.0004165579
0.0006456935
0.0006084934
0.003108063
6.949246e-05
0.0009397044
0.001338021
0.00035624
0.003160738
0.002196552
0.0002326379
0.0003872332
0.0009573646
0.0004122789
0.0006950991
0.001028891
0.004027251
0.001481659
1.046323e-05
0.001005207
0.0003865528
0.001300805
0.0006975893
0.000145815
0.001080343
0.0008532726
0.0006405522
0.0008284601
0.0004682365
0.0014329
0.0004276948
2.048641e-05
0.0007551966
0.001069402
0.0008478778
0.002293705
0.001780493
0.0006279255
0.0002004079
0.0009000928
0.0006690557
0.001133427
0.0002981808
0.0002771704
0.002283504
0.000949572
8.642868e-05
0.001375865
0.002672491
0.0003584725
0.002554679
0.001568038
0.0004625772
2.500342e-05
0.0002022553
0.0006437316
0.0003920547
1.127367e-05
0.002661305
0.001373458
0.002769464
0.0008095203
0.0004901206
3.72036e-05
0.0001934388
0.0004128467
0.002127011
3.127766e-05
0.0005046016
0.001327274
0.0002564411
0.0001738507
0.001555634
0.001191614
0.000934844
5.981003e-05
0.001434486
0.0005611334
0.0004904475
0.001059355
0.0003822457
0.0002893179
0.0004942397
0.000769103
0.002890089
0.001581299
0.0003931132
0.001259683
0.0007710046
5.118707e-05
0.0002233522
0.0004105247
0.0004165579
0.0006456935
0.0006084934
0.003108063
6.949246e-05
0.0009397044
0.001338021
0.00035624
0.003160738
0.002196552
0.0002326379
0.0003872332
0.0009573646
0.0004122789
0.0006950991
0.001028891
0.004027251
0.001481659
1.046323e-05
0.001005207
0.0003865528
0.001300805
0.0006975893
0.000145815
0.0008577245
6.077045e-05
0.0007767052
0.001080343
0.0008532726
0.0006405522
0.0008284601
0.0004682365
0.0014329
0.0004276948
2.048641e-05
0.0007551966
0.001069402
0.0008478778
0.002293705
0.001780493
0.0006279255
0.0002004079
0.0009000928
0.0006690557
0.001133427
0.0002981808
0.0002771704
0.002283504
0.000949572
8.642868e-05
0.001375865
0.002672491
0.0003584725
0.002554679
0.001568038
0.0004625772
2.500342e-05
0.0002022553
0.0006437316
0.0003920547
1.127367e-05
0.002661305
0.001373458
0.002769464
0.0008095203
0.0004901206
3.72036e-05
0.0001934388
0.0004128467
0.002127011
3.127766e-05
0.0005046016
0.001327274
0.0002564411
0.0001738507
0.001555634
0.001191614
0.000934844
5.981003e-05
0.001434486
0.0005611334
0.0004904475
0.001059355
0.0003822457
0.0002893179
0.0004942397
0.000769103
0.002890089
0.001581299
0.0003931132
0.001259683
0.0007710046
5.118707e-05
0.0002233522
0.0004105247
0.0004165579
0.0006456935
0.0006084934
0.003108063
6.949246e-05
0.0009397044
0.001338021
0.00035624
0.003160738
0.002196552
0.0002326379
0.0003872332
0.0009573646
0.0004122789
0.0006950991
0.001028891
0.004027251
0.001481659
1.046323e-05
0.001005207
0.0003865528
0.001300805
0.0006975893
0.000145815
0.0008577245
6.077045e-05
0.0007767052
0.002878502
0.005057718
0.0005268034
0.001312026
0.00135767
0.0007960564
0.0002237842
0.0005602522
0.000626591
0.002401046
0.001827798
0.003575955
0.0003380282
0.0006661912
9.845451e-05
0.0003070003
0.0008417252
0.001662765
0.0005666503
0.0005734512
0.0002463176
0.001337249
0.001089623
0.0006647788
0.0004462575
0.001066438
0.0006729177
0.001712187
0.000330779
0.0001394768
0.0004382884
0.0009476925
0.0002289291
0.0001184272
0.001267723
0.00255304
0.0006071497
0.0008606122
0.001132864
0.001778068
0.002431839
0.002695151
7.914067e-05
0.001898845
0.0005272174
0.0005056149
0.001041364
0.0003658455
0.004216183
0.0016313
0.0002122919
0.002681785
0.0001678045
0.001575286
0.0006295472
0.004831702
0.003429338
0.0001551125
0.001052362
0.0002781489
0.0003482741
0.001980503
0.0008092305
0.0006637374
0.00190357
0.0003472697
0.0008081376
0.0005156376
0.002206342
0.0006025674
0.0003271404
0.0002611233
0.001715041
0.0001754868
0.001530582
0.001101988
3.23132e-05
0.001208223
0.0004711796
6.260712e-05
9.754864e-05
0.001063299
0.0008636303
0.0002626388
0.0006374021
0.001812091
0.0007905919
0.001517436
0.0005700819
0.0001121815
0.001379621
0.001651558
0.0002464801
0.001080343
0.0008532726
0.0006405522
0.0008284601
0.0004682365
0.0014329
0.0004276948
2.048641e-05
0.0007551966
0.001069402
0.0008478778
0.002293705
0.001780493
0.0006279255
0.0002004079
0.0009000928
0.0006690557
0.001133427
0.0002981808
0.0002771704
0.002283504
0.000949572
8.642868e-05
0.001375865
0.002672491
0.0003584725
0.002554679
0.001568038
0.0004625772
2.500342e-05
0.0002022553
0.0006437316
0.0003920547
1.127367e-05
0.002661305
0.001373458
0.002769464
0.0008095203
0.0004901206
3.72036e-05
0.0001934388
0.0004128467
0.002127011
3.127766e-05
0.0005046016
0.001327274
0.0002564411
0.0001738507
0.001555634
0.001191614
0.000934844
5.981003e-05
0.001434486
0.0005611334
0.0004904475
0.001059355
0.0003822457
0.0002893179
0.0004942397
0.000769103
0.002890089
0.001581299
0.0003931132
0.001259683
0.0007710046
5.118707e-05
0.0002233522
0.0004105247
0.0004165579
0.0006456935
0.0006084934
0.003108063
6.949246e-05
0.0009397044
0.001338021
0.00035624
0.003160738
0.002196552
0.0002326379
0.0003872332
0.0009573646
0.0004122789
0.0006950991
0.001028891
0.004027251
0.001481659
1.046323e-05
0.001005207
0.0003865528
0.001300805
0.0006975893
0.000145815
0.0008577245
6.077045e-05
0.0007767052
0.002878502
0.005057718
0.0005268034
0.001312026
0.00135767
0.0007960564
0.0002237842
0.0005602522
0.000626591
0.002401046
0.001827798
0.003575955
0.0003380282
0.0006661912
9.845451e-05
0.0003070003
0.0008417252
0.001662765
0.0005666503
0.0005734512
0.0002463176
0.001337249
0.001089623
0.0006647788
0.0004462575
0.001066438
0.0006729177
0.001712187
0.000330779
0.0001394768
0.0004382884
0.0009476925
0.0002289291
0.0001184272
0.001267723
0.00255304
0.0006071497
0.0008606122
0.001132864
0.001778068
0.002431839
0.002695151
7.914067e-05
0.001898845
0.0005272174
0.0005056149
0.001041364
0.0003658455
0.004216183
0.0016313
0.0002122919
0.002681785
0.0001678045
0.001575286
0.0006295472
0.004831702
0.003429338
0.0001551125
0.001052362
0.0002781489
0.0003482741
0.001980503
0.0008092305
0.0006637374
0.00190357
0.0003472697
0.0008081376
0.0005156376
0.002206342
0.0006025674
0.0003271404
0.0002611233
0.001715041
0.0001754868
0.001530582
0.001101988
3.23132e-05
0.001208223
0.0004711796
6.260712e-05
9.754864e-05
0.001063299
0.0008636303
0.0002626388
0.0006374021
0.001812091
0.0007905919
0.001517436
0.0005700819
0.0001121815
0.001379621
0.001651558
0.0002464801
0.001080343
0.0008532726
0.0006405522
0.0008284601
0.0004682365
0.0014329
0.0004276948
2.048641e-05
0.0007551966
0.001069402
0.0008478778
0.002293705
0.001780493
0.0006279255
0.0002004079
0.0009000928
0.0006690557
0.001133427
0.0002981808
0.0002771704
0.002283504
0.000949572
8.642868e-05
0.001375865
0.002672491
0.0003584725
0.002554679
0.001568038
0.0004625772
2.500342e-05
0.0002022553
0.0006437316
0.0003920547
1.127367e-05
0.002661305
0.001373458
0.002769464
0.0008095203
0.0004901206
3.72036e-05
0.0001934388
0.0004128467
0.002127011
3.127766e-05
0.0005046016
0.001327274
0.0002564411
0.0001738507
0.001555634
0.001191614
0.000934844
5.981003e-05
0.001434486
0.0005611334
0.0004904475
0.001059355
0.0003822457
0.0002893179
0.0004942397
0.000769103
0.002890089
0.001581299
0.0003931132
0.001259683
0.0007710046
5.118707e-05
0.0002233522
0.0004105247
0.0004165579
0.0006456935
0.0006084934
0.003108063
6.949246e-05
0.0009397044
0.001338021
0.00035624
0.003160738
0.002196552
0.0002326379
0.0003872332
0.0009573646
0.0004122789
0.0006950991
0.001028891
0.004027251
0.001481659
1.046323e-05
0.001005207
0.0003865528
0.001300805
0.0006975893
0.000145815
0.0008577245
6.077045e-05
0.0007767052
0.002878502
0.005057718
0.0005268034
0.001312026
0.00135767
0.0007960564
0.0002237842
0.0005602522
0.000626591
0.002401046
0.001827798
0.003575955
0.0003380282
0.0006661912
9.845451e-05
0.0003070003
0.0008417252
0.001662765
0.0005666503
0.0005734512
0.0002463176
0.001337249
0.001089623
0.0006647788
0.0004462575
0.001066438
0.0006729177
0.001712187
0.000330779
0.0001394768
0.0004382884
0.0009476925
0.0002289291
0.0001184272
0.001267723
0.00255304
0.0006071497
0.0008606122
0.001132864
0.001778068
0.002431839
0.002695151
7.914067e-05
0.001898845
0.0005272174
0.0005056149
0.001041364
0.0003658455
0.004216183
0.0016313
0.0002122919
0.002681785
0.0001678045
0.001575286
0.0006295472
0.004831702
0.003429338
0.0001551125
0.001052362
0.0002781489
0.0003482741
0.001980503
0.0008092305
0.0006637374
0.00190357
0.0003472697
0.0008081376
0.0005156376
0.002206342
0.0006025674
0.0003271404
0.0002611233
0.001715041
0.0001754868
0.001530582
0.001101988
3.23132e-05
0.001208223
0.0004711796
6.260712e-05
9.754864e-05
0.001063299
0.0008636303
0.0002626388
0.0006374021
0.001812091
0.0007905919
0.001517436
0.0005700819
0.0001121815
0.001379621
0.001651558
0.0002464801
0.001080343
0.0008532726
0.0006405522
0.0008284601
0.0004682365
0.0014329
0.0004276948
2.048641e-05
0.0007551966
0.001069402
0.0008478778
0.002293705
0.001780493
0.0006279255
0.0002004079
0.0009000928
0.0006690557
0.001133427
0.0002981808
0.0002771704
0.002283504
0.000949572
8.642868e-05
0.001375865
0.002672491
0.0003584725
0.002554679
0.001568038
0.0004625772
2.500342e-05
0.0002022553
0.0006437316
0.0003920547
1.127367e-05
0.002661305
0.001373458
0.002769464
0.0008095203
0.0004901206
3.72036e-05
0.0001934388
0.0004128467
0.002127011
3.127766e-05
0.0005046016
0.001327274
0.0002564411
0.0001738507
0.001555634
0.001191614
0.000934844
5.981003e-05
0.001434486
0.0005611334
0.0004904475
0.001059355
0.0003822457
0.0002893179
0.0004942397
0.000769103
0.002890089
0.001581299
0.0003931132
0.001259683
0.0007710046
5.118707e-05
0.0002233522
0.0004105247
0.0004165579
0.0006456935
0.0006084934
0.003108063
6.949246e-05
0.0009397044
0.001338021
0.00035624
0.003160738
0.002196552
0.0002326379
0.0003872332
0.0009573646
0.0004122789
0.0006950991
0.001028891
0.004027251
0.001481659
1.046323e-05
0.001005207
0.0003865528
0.001300805
0.0006975893
0.000145815
0.0008577245
6.077045e-05
0.0007767052
0.002878502
0.005057718
0.0005268034
0.001312026
0.00135767
0.0007960564
0.0002237842
0.0005602522
0.000626591
0.002401046
0.001827798
0.003575955
0.0003380282
0.0006661912
9.845451e-05
0.0003070003
0.0008417252
0.001662765
0.0005666503
0.0005734512
0.0002463176
0.001337249
0.001089623
0.0006647788
0.0004462575
0.001066438
0.0006729177
0.001712187
0.000330779
0.0001394768
0.0004382884
0.0009476925
0.0002289291
0.0001184272
0.001267723
0.00255304
0.0006071497
0.0008606122
0.001132864
0.001778068
0.002431839
0.002695151
7.914067e-05
0.001898845
0.0005272174
0.0005056149
0.001041364
0.0003658455
0.004216183
0.0016313
0.0002122919
0.002681785
0.0001678045
0.001575286
0.0006295472
0.004831702
0.003429338
0.0001551125
0.001052362
0.0002781489
0.0003482741
0.001980503
0.0008092305
0.0006637374
0.00190357
0.0003472697
0.0008081376
0.0005156376
0.002206342
0.0006025674
0.0003271404
0.0002611233
0.001715041
0.0001754868
0.001530582
0.001101988
3.23132e-05
0.001208223
0.0004711796
6.260712e-05
9.754864e-05
0.001063299
0.0008636303
0.0002626388
0.0006374021
0.001812091
0.0007905919
0.001517436
0.0005700819
0.0001121815
0.001379621
0.001651558
0.0002464801
0.001709976
0.001072561
0.001470389
0.001105248
