0.0004693966
0.0007686476
0.0001321739
0.0003721294
0.0008398573
0.0004092701
0.0004778164
0.002264638
0.0006736998
0.0002223611
0.000919423
0.0006151727
0.001801636
7.245669e-05
0.0009898604
0.0003561628
0.0001300964
0.0008247881
0.001149473
5.469706e-05
8.193983e-05
0.00100757
8.528075e-05
0.0004971682
0.002589632
0.0008049261
0.0001136511
0.0008114653
0.0002560285
6.567036e-05
0.0008090499
0.001943994
0.0005147266
0.0004083334
0.0001208067
0.003180349
0.00234238
0.0001693261
0.0002131131
0.0005229087
2.97735e-05
0.001113893
0.0007203917
0.0003299265
0.000444484
0.0007895397
0.0008860101
0.0001695463
0.0004322114
0.001176367
0.0009047027
0.0006693546
0.0009864534
0.0006105963
0.003597547
0.00093792
0.0001166462
0.0009144791
0.0006007912
0.0004189971
0.0006474209
0.0001639278
0.001508934
0.001006262
0.001593413
0.0001026493
0.0002950455
0.001593413
0.0001026493
0.0002950455
1.621498e-05
0.0001509711
6.545679e-05
0.0008329792
0.001776306
0.0006960245
0.0008316125
0.0003846462
0.0001632496
0.0008195245
0.0001862885
0.0012323
0.0004619109
0.001013293
0.001342101
0.002333122
0.003237951
0.004633793
0.002599699
0.0004793889
0.0002922865
5.708882e-05
7.74189e-05
0.0007773971
0.0002350981
0.001227091
0.001181224
0.0007363078
0.0005658404
0.0007463765
0.001614739
0.0008137491
0.001605891
0.002649945
0.000117112
0.000891464
0.0003889712
0.0004900842
7.40961e-05
0.0003467205
0.0009003311
0.0007457888
0.0006444871
0.002255478
0.00020115
9.07527e-05
0.0003489606
9.565646e-05
0.001880551
0.000724737
0.0005656301
0.0004906022
9.209227e-05
0.0002745438
0.0004693966
0.0007686476
0.0001321739
0.0003721294
0.0008398573
0.0004092701
0.0004778164
0.002264638
0.0006736998
0.0002223611
0.000919423
0.0006151727
0.001801636
7.245669e-05
0.0009898604
0.0003561628
0.0001300964
0.0008247881
0.001149473
5.469706e-05
8.193983e-05
0.00100757
8.528075e-05
0.0004971682
0.002589632
0.0008049261
0.0001136511
0.0008114653
0.0002560285
6.567036e-05
0.0008090499
0.001943994
0.0005147266
0.0004083334
0.0001208067
0.003180349
0.00234238
0.0001693261
0.0002131131
0.0005229087
2.97735e-05
0.001113893
0.0007203917
0.0003299265
0.000444484
0.0007895397
0.0008860101
0.0001695463
0.0004322114
0.001176367
0.0009047027
0.0006693546
0.0009864534
0.0006105963
0.003597547
0.00093792
0.0001166462
0.0009144791
0.0006007912
0.0004189971
0.0006474209
0.0001639278
0.001508934
0.001006262
0.001593413
0.0001026493
0.0002950455
0.001593413
0.0001026493
0.0002950455
1.621498e-05
0.0001509711
6.545679e-05
0.0008329792
0.001776306
0.0006960245
0.0008316125
0.0003846462
0.0001632496
0.0008195245
0.0001862885
0.0012323
0.0004619109
0.001013293
0.001342101
0.002333122
0.003237951
0.004633793
0.002599699
0.0004793889
0.0002922865
5.708882e-05
7.74189e-05
0.0007773971
0.0002350981
0.001227091
0.001181224
0.0007363078
0.0005658404
0.0007463765
0.001614739
0.0008137491
0.001605891
0.002649945
0.000117112
0.000891464
0.0003889712
0.0004900842
7.40961e-05
0.0003467205
0.0009003311
0.0007457888
0.0006444871
0.002255478
0.00020115
9.07527e-05
0.0003489606
9.565646e-05
0.001880551
0.000724737
0.0005656301
0.0004906022
9.209227e-05
0.0002745438
9.07527e-05
0.0003489606
9.565646e-05
0.001880551
0.000724737
0.0005656301
0.0004906022
9.209227e-05
0.0002745438
0.001026844
0.0007705656
0.0004988681
0.0004560668
0.0006667838
0.001324284
0.001638029
0.0001102569
0.0004960988
0.0002627252
7.233026e-05
0.001568611
0.0008826917
0.001747431
0.001234482
0.000185141
0.0003847253
0.0004301003
0.002106839
0.001432945
0.0002216736
0.001327681
0.0009830217
0.0004595585
0.002173204
7.848313e-05
0.001316521
0.000632021
0.0004382208
0.0004968296
0.0002757591
0.001877109
0.002213847
0.001972465
6.861577e-05
0.0004547722
0.001715077
0.000260042
0.0006394047
0.002382928
0.001738188
0.0009288811
0.0002716594
0.0004168035
0.000530755
0.0005031916
0.0001784574
0.0004693966
0.0007686476
0.0001321739
0.0003721294
0.0008398573
0.0004092701
0.0004778164
0.002264638
0.0006736998
0.0002223611
0.000919423
0.0006151727
0.001801636
7.245669e-05
0.0009898604
0.0003561628
0.0001300964
0.0008247881
0.001149473
5.469706e-05
8.193983e-05
0.00100757
8.528075e-05
0.0004971682
0.002589632
0.0008049261
0.0001136511
0.0008114653
0.0002560285
6.567036e-05
0.0008090499
0.001943994
0.0005147266
0.0004083334
0.0001208067
0.003180349
0.00234238
0.0001693261
0.0002131131
0.0005229087
2.97735e-05
0.001113893
0.0007203917
0.0003299265
0.000444484
0.0007895397
0.0008860101
0.0001695463
0.0004322114
0.001176367
0.0009047027
0.0006693546
0.0009864534
0.0006105963
0.003597547
0.00093792
0.0001166462
0.0009144791
0.0006007912
0.0004189971
0.0006474209
0.0001639278
0.001508934
0.001006262
0.001593413
0.0001026493
0.0002950455
0.001593413
0.0001026493
0.0002950455
1.621498e-05
0.0001509711
6.545679e-05
0.0008329792
0.001776306
0.0006960245
0.0008316125
0.0003846462
0.0001632496
0.0008195245
0.0001862885
0.0012323
0.0004619109
0.001013293
0.001342101
0.002333122
0.003237951
0.004633793
0.002599699
0.0004793889
0.0002922865
5.708882e-05
7.74189e-05
0.0007773971
0.0002350981
0.001227091
0.001181224
0.0007363078
0.0005658404
0.0007463765
0.001614739
0.0008137491
0.001605891
0.002649945
0.000117112
0.000891464
0.0003889712
0.0004900842
7.40961e-05
0.0003467205
0.0009003311
0.0007457888
0.0006444871
0.002255478
0.00020115
9.07527e-05
0.0003489606
9.565646e-05
0.001880551
0.000724737
0.0005656301
0.0004906022
9.209227e-05
0.0002745438
9.07527e-05
0.0003489606
9.565646e-05
0.001880551
0.000724737
0.0005656301
0.0004906022
9.209227e-05
0.0002745438
0.001026844
0.0007705656
0.0004988681
0.0004560668
0.0006667838
0.001324284
0.001638029
0.0001102569
0.0004960988
0.0002627252
7.233026e-05
0.001568611
0.0008826917
0.001747431
0.001234482
0.000185141
0.0003847253
0.0004301003
0.002106839
0.001432945
0.0002216736
0.001327681
0.0009830217
0.0004595585
0.002173204
7.848313e-05
0.001316521
0.000632021
0.0004382208
0.0004968296
0.0002757591
0.001877109
0.002213847
0.001972465
6.861577e-05
0.0004547722
0.001715077
0.000260042
0.0006394047
0.002382928
0.001738188
0.0009288811
0.0002716594
0.0004168035
0.000530755
0.0005031916
0.0001784574
0.002382928
0.001738188
0.0009288811
0.0002716594
0.0004168035
0.000530755
0.0005031916
0.0001784574
0.001277215
0.0003722717
0.0001925147
0.002789903
0.0008444861
0.001233687
0.0001230971
0.003317914
0.0006779169
0.0004027893
0.0002024257
0.0006683016
0.0002553123
5.642815e-05
0.001574363
0.001114752
0.0007240735
0.0004994553
0.002547883
0.0001737315
0.001228552
0.0002092541
0.0001052191
0.002004456
0.0004693966
0.0007686476
0.0001321739
0.0003721294
0.0008398573
0.0004092701
0.0004778164
0.002264638
0.0006736998
0.0002223611
0.000919423
0.0006151727
0.001801636
7.245669e-05
0.0009898604
0.0003561628
0.0001300964
0.0008247881
0.001149473
5.469706e-05
8.193983e-05
0.00100757
8.528075e-05
0.0004971682
0.002589632
0.0008049261
0.0001136511
0.0008114653
0.0002560285
6.567036e-05
0.0008090499
0.001943994
0.0005147266
0.0004083334
0.0001208067
0.003180349
0.00234238
0.0001693261
0.0002131131
0.0005229087
2.97735e-05
0.001113893
0.0007203917
0.0003299265
0.000444484
0.0007895397
0.0008860101
0.0001695463
0.0004322114
0.001176367
0.0009047027
0.0006693546
0.0009864534
0.0006105963
0.003597547
0.00093792
0.0001166462
0.0009144791
0.0006007912
0.0004189971
0.0006474209
0.0001639278
0.001508934
0.001006262
0.001593413
0.0001026493
0.0002950455
0.001593413
0.0001026493
0.0002950455
1.621498e-05
0.0001509711
6.545679e-05
0.0008329792
0.001776306
0.0006960245
0.0008316125
0.0003846462
0.0001632496
0.0008195245
0.0001862885
0.0012323
0.0004619109
0.001013293
0.001342101
0.002333122
0.003237951
0.004633793
0.002599699
0.0004793889
0.0002922865
5.708882e-05
7.74189e-05
0.0007773971
0.0002350981
0.001227091
0.001181224
0.0007363078
0.0005658404
0.0007463765
0.001614739
0.0008137491
0.001605891
0.002649945
0.000117112
0.000891464
0.0003889712
0.0004900842
7.40961e-05
0.0003467205
0.0009003311
0.0007457888
0.0006444871
0.002255478
0.00020115
9.07527e-05
0.0003489606
9.565646e-05
0.001880551
0.000724737
0.0005656301
0.0004906022
9.209227e-05
0.0002745438
9.07527e-05
0.0003489606
9.565646e-05
0.001880551
0.000724737
0.0005656301
0.0004906022
9.209227e-05
0.0002745438
0.001026844
0.0007705656
0.0004988681
0.0004560668
0.0006667838
0.001324284
0.001638029
0.0001102569
0.0004960988
0.0002627252
7.233026e-05
0.001568611
0.0008826917
0.001747431
0.001234482
0.000185141
0.0003847253
0.0004301003
0.002106839
0.001432945
0.0002216736
0.001327681
0.0009830217
0.0004595585
0.002173204
7.848313e-05
0.001316521
0.000632021
0.0004382208
0.0004968296
0.0002757591
0.001877109
0.002213847
0.001972465
6.861577e-05
0.0004547722
0.001715077
0.000260042
0.0006394047
0.002382928
0.001738188
0.0009288811
0.0002716594
0.0004168035
0.000530755
0.0005031916
0.0001784574
0.002382928
0.001738188
0.0009288811
0.0002716594
0.0004168035
0.000530755
0.0005031916
0.0001784574
0.001277215
0.0003722717
0.0001925147
0.002789903
0.0008444861
0.001233687
0.0001230971
0.003317914
0.0006779169
0.0004027893
0.0002024257
0.0006683016
0.0002553123
5.642815e-05
0.001574363
0.001114752
0.0007240735
0.0004994553
0.002547883
0.0001737315
0.001228552
0.0002092541
0.0001052191
0.002004456
