0.000537882
0.0002445244
0.001570244
0.0004141357
4.959393e-05
0
0.0002334545
0.0002808682
0.001846772
0.001946761
8.211893e-05
0.0002219107
0
0.0001455172
0.0002811522
0.0003663738
0
0
0.0006654422
0.0006268898
0.000167721
0.0002011368
0
0.0005715864
0.0002602236
0.0008039901
0
0.0004249392
0.0003723207
0.00317767
0
0.0001906915
0.0006882459
0
0.000505642
0.001071041
6.799641e-05
4.856651e-05
2.536612e-05
0.0005953833
0.0001537254
0.001975861
0.0005559458
0
0.000134429
0.003351632
0.0009288766
0.008616944
7.209614e-05
0.003816509
1.752975e-08
6.913231e-05
8.444387e-05
0
4.271621e-06
0.0001865798
8.499153e-06
0.000188321
0.000946495
0
0
0.0002119697
0.0001144774
0.00411266
0
0.00107743
0.0001712741
0.002396449
0.0002481147
0.0005487778
0.0003264206
0
0.003362783
0.001405531
0.005201349
2.206297e-05
0.0002601684
0.0005579211
0.000335054
0
7.356706e-05
0
5.968537e-06
2.015054e-05
0.0001423719
0.0003742967
6.211063e-05
0
0.004956604
0.000403779
0.0001431987
0
0
0.0004346875
8.114497e-05
0.001477946
9.044051e-06
0.00043246
0.0002003832
0
0
0.0001386911
0.0008351002
0.001220547
0.0005123752
0.0004431474
0.00036303
0.001574529
5.73472e-05
0.0003185804
0.004134272
0.0005837341
0.001542835
0.0002600713
5.770077e-05
0.0002358719
0
3.460973e-05
0
0
0.0001071873
0.0001742563
0
0
3.715924e-05
0.0001730361
0.001291477
0.001029704
0.000448857
0.001605589
0.001074137
0.0005956546
0
3.094561e-06
3.678242e-05
0
0
0.0004718075
0
0.002456738
0.0004477453
7.852559e-05
0
0
0.0002295182
0
0.00424883
0.00130943
0.009750011
0
0.0007249107
0.0004266596
0.001267202
0.001192907
0
0.001217877
0
6.111292e-05
0.0004642278
0
0.0001565662
0
0.003519973
0.001033919
0
2.93435e-06
0.0003119653
0
0.0001141408
0.0002077992
0.0002417159
0.0003759183
0.0001484127
0.0004481843
0
0.000111124
0
0
0.0002828982
0
3.936684e-05
0.001849156
0.0007574602
0.0003587913
0.0009102191
0.0009393058
0.001103697
3.970065e-05
0.00512716
0.002513341
0.00284408
3.598351e-05
0.001225826
0.0001061569
0.0007194522
7.96773e-05
0
0.0009572474
0.00011542
0.002237436
0
0
9.714471e-05
0
0.0003615153
3.281184e-05
0.0001207222
2.406316e-05
0
0.0001857278
0.009851451
0.004951945
0.0001053664
0.001267719
0.0004004179
0.002505196
0
8.340691e-06
0.00283451
0.001190484
0.003642779
0.006378164
0
0.0005919667
0.0003458438
5.074363e-05
1.335829e-05
1.404436e-05
4.307106e-05
0.0007173649
0.0001706682
5.113966e-05
0.0002964348
0
0
0.0001497252
0.001125628
0.0006612306
0.0008550127
0.0003458561
0
0
0
4.244951e-05
0.0001361915
0
0.001306528
0.0002192231
0.0002720301
0.001269582
0.003411222
0.0002047716
0.001386571
3.70934e-05
0.001527973
0.0009431734
0.0003217418
0.0001057977
0
0.0001401901
0.001308194
0.000185208
5.454212e-05
0.0002914243
3.746012e-05
0.0002417422
0.0001803559
3.507305e-06
0.0004974625
0.001706376
0
0.0005009974
0
0.0003911703
0.002923902
0.0009211684
0.0006591539
0.004017345
0.0003639652
0.0001285808
0.0001064212
4.059441e-05
0
2.154473e-05
0
0
0.0009059391
8.979402e-05
0.0001921248
0.001320059
6.041654e-05
0
0.000188941
0.0008317264
0.002241527
0.001760343
0.0001764081
3.675548e-05
0.001369893
0.001473278
0
0
0.0002524393
0.0004511745
0.00108115
0.003643452
0.001495885
0
0.001772038
0.000503582
0.0002104659
3.415703e-05
0.001431917
0.0009562237
0.00140979
0.002001873
0.0001189156
0
3.829264e-05
0.0001863508
0
0.0001190475
0.001001382
0.002318505
0.0007575955
0.003183845
0.0003414825
0.008719568
0.00819542
0.0003873726
0.002342429
9.565928e-05
0.0001634149
0.00200787
0.0008741043
0.0001440416
2.226217e-05
0.0001115797
0
0.0005660353
0
0
0.0006768408
0.003350551
0.0006115364
1.469887e-05
0.000224037
0.0006092105
0.001466941
0.0004107769
0.0001978888
0.0003287179
0.001046489
0.0001539334
0.000718734
0.0003108654
8.454547e-05
0
0.0005300885
0.000869749
0.002754332
0.0006743553
0
0
0.0001084651
0.0003473725
0.0006053181
0
9.324091e-06
7.605924e-06
0.0001980777
0.0001632407
4.908214e-05
0.004537093
6.083249e-05
0.003391275
0.0008287114
0.0001866126
0.000163027
0
0.0002008193
7.286685e-05
0.002991985
0.002608877
0.002324993
0.0001695951
0.001737401
0.002192977
0.002920592
0.0002149205
8.579554e-05
0
0.0001472104
0.0002775669
0
0.0001053229
0.0008935631
0.0001387562
0.0002660055
0
0.0001522803
0.000319668
4.671162e-05
0
0
0
0.002324993
0.0001695951
0.001737401
0.002192977
0.002920592
0.0002149205
8.579554e-05
0
0.0001472104
0.0002775669
0
0.0001053229
0.0008935631
0.0001387562
0.0002660055
0
0.0001522803
0.000319668
4.671162e-05
0
0
0
0
5.057827e-05
0
0
0.0001892744
7.271007e-05
0.0002582968
0.0003855452
0
9.198555e-05
0.0001590398
4.374367e-05
9.797176e-05
0
0
0.0001054545
0
0.00155182
4.628025e-05
0.003294321
0.007387702
0.003105276
9.103378e-05
2.677974e-05
3.214064e-05
1.490065e-05
0
0.002299223
3.148281e-06
0.0009410591
0.0003015105
0.0006312061
0.0003651649
0.0001155271
0.003269606
0.001077132
8.384306e-06
0.0001538604
0.0002962831
7.552754e-05
0.0004489154
0.001454112
3.303878e-05
0
0.0001090328
0
2.608338e-06
0.0007961273
3.095295e-05
4.077612e-05
0.0002129167
0.0002073565
0.002734197
0.001584611
9.721057e-06
0.0001683446
0.0004334757
0.0002875677
0
0
0
0.0003966879
0
0.002389826
0.00196564
0.0008058097
0.000698082
0.001534445
0.0002606388
0
0
6.274931e-05
0.0008056879
0.001642389
0.0003539187
5.419155e-05
0.0003088023
0.000171233
7.72944e-05
0.005114316
0.0007904802
0.005244661
0.0003294721
0.0007905966
0.0008973957
0
0.001339779
0.001181154
0
0.004532109
0
0.006945693
0.001895991
0.0006088069
0.002650678
0.00257677
0.007084772
0.004610689
0.003477465
0.01103288
0.002244717
0.003428541
0.007100149
0.0005190028
0.0001663915
0.0001790054
0.0004112416
0.01470181
9.276351e-05
4.698105e-05
0
0.001355281
0.0004621811
0.0001551113
0.000782157
0.0001216032
4.402098e-05
0.001221514
0.0001834172
0
0
0.0003047673
5.988548e-05
0
0.0002826474
0
0
0
0
0
0.0004645134
0
0
0
0.0004156101
0.0003006871
0.003164066
1.501182e-05
0.0005693393
0.0001996682
0.0005884078
0.0002537805
0
0
0.0005684005
0
0.001969719
0.004406173
0.000329332
0.0003134386
0.0003438863
0
0.00133393
0.0006832587
0.003865166
0.001094299
0
0.0001106931
0.0003795758
0.0001147132
0.001015964
0.0002664592
0.001723876
0.0009172589
9.813206e-05
0.001013479
0.001808202
8.033431e-05
0.0001524083
0.0002424866
0.003344353
0.00101615
2.201229e-05
4.055601e-05
0
5.518767e-05
0.002989337
0.0005559132
0
3.482473e-06
0.002063421
0.00407628
0
0
0.0001516951
0.0006989635
4.685194e-05
0.003984984
0
0
0.001016071
0.005656346
0.002683735
0.0002791915
0.0001443331
0.0001555285
0.007347723
0.008252086
0
0
6.685374e-05
0
0.000150724
6.254576e-06
6.421568e-05
0.0004146242
0.0002401022
0
0.0006798757
0.0001762398
0.001919099
0.002333468
0.0005225188
0.0004360486
8.99513e-05
7.316777e-05
0.0002910401
0.0009211005
0.00167987
0.0002566848
0.0003026885
0.0002126715
0.0004849439
3.646151e-06
0
4.706787e-05
0.0001647001
0
0
0.0002328086
4.646369e-05
0.0002924595
0.001045201
0.0006565686
3.24216e-05
7.208024e-06
0.0001438102
0.0001456513
1.968473e-05
0.002264321
0
0.00282852
0.0004046238
7.8663e-05
0.0005578988
0.003369634
4.417388e-05
1.97391e-05
0.0004100008
0.001780753
0.0005950996
5.655096e-05
0.0007382703
0.0002862476
0.01195947
0.0005782492
7.529289e-05
0
0.0008885752
3.128096e-05
0.0002519355
1.493128e-05
5.621504e-05
0.000594571
0.0002892471
0
2.998411e-05
0.0001423363
0.0001557393
0
0.0002164565
0
4.565434e-05
0.0001192598
9.200997e-05
9.559935e-05
0.00096201
0.0007792299
0
0
0
9.498661e-05
0.0001694215
0.0003095306
0.003420906
0.001241233
0.0003288576
0.005166378
0
0.001125928
0.0005532681
0.002489868
0.0007229867
0.0003434873
0.0001847205
5.409155e-05
6.509985e-05
0.0001586731
0.0004954024
0.0006916352
0.00198297
0
0.0002949286
0.001773297
0.0006194897
3.325636e-05
0.0001219574
0.0001006836
0.000133458
0
0
0
0.0002163915
0.0002027041
0.0001302876
0.0009938015
0
0.0002680682
2.592141e-05
0.0002291841
0.001058037
1.818674e-05
0.000537882
0.0002445244
0.001570244
0.0004141357
4.959393e-05
0
0.0002334545
0.0002808682
0.001846772
0.001946761
8.211893e-05
0.0002219107
0
0.0001455172
0.0002811522
0.0003663738
0
0
0.0006654422
0.0006268898
0.000167721
0.0002011368
0
0.0005715864
0.0002602236
0.0008039901
0
0.0004249392
0.0003723207
0.00317767
0
0.0001906915
0.0006882459
0
0.000505642
0.001071041
6.799641e-05
4.856651e-05
2.536612e-05
0.0005953833
0.0001537254
0.001975861
0.0005559458
0
0.000134429
0.003351632
0.0009288766
0.008616944
7.209614e-05
0.003816509
1.752975e-08
6.913231e-05
8.444387e-05
0
4.271621e-06
0.0001865798
8.499153e-06
0.000188321
0.000946495
0
0
0.0002119697
0.0001144774
0.00411266
0
0.00107743
0.0001712741
0.002396449
0.0002481147
0.0005487778
0.0003264206
0
0.003362783
0.001405531
0.005201349
2.206297e-05
0.0002601684
0.0005579211
0.000335054
0
7.356706e-05
0
5.968537e-06
2.015054e-05
0.0001423719
0.0003742967
6.211063e-05
0
0.004956604
0.000403779
0.0001431987
0
0
0.0004346875
8.114497e-05
0.001477946
9.044051e-06
0.00043246
0.0002003832
0
0
0.0001386911
0.0008351002
0.001220547
0.0005123752
0.0004431474
0.00036303
0.001574529
5.73472e-05
0.0003185804
0.004134272
0.0005837341
0.001542835
0.0002600713
5.770077e-05
0.0002358719
0
3.460973e-05
0
0
0.0001071873
0.0001742563
0
0
3.715924e-05
0.0001730361
0.001291477
0.001029704
0.000448857
0.001605589
0.001074137
0.0005956546
0
3.094561e-06
3.678242e-05
0
0
0.0004718075
0
0.002456738
0.0004477453
7.852559e-05
0
0
0.0002295182
0
0.00424883
0.00130943
0.009750011
0
0.0007249107
0.0004266596
0.001267202
0.001192907
0
0.001217877
0
6.111292e-05
0.0004642278
0
0.0001565662
0
0.003519973
0.001033919
0
2.93435e-06
0.0003119653
0
0.0001141408
0.0002077992
0.0002417159
0.0003759183
0.0001484127
0.0004481843
0
0.000111124
0
0
0.0002828982
0
3.936684e-05
0.001849156
0.0007574602
0.0003587913
0.0009102191
0.0009393058
0.001103697
3.970065e-05
0.00512716
0.002513341
0.00284408
3.598351e-05
0.001225826
0.0001061569
0.0007194522
7.96773e-05
0
0.0009572474
0.00011542
0.002237436
0
0
9.714471e-05
0
0.0003615153
3.281184e-05
0.0001207222
2.406316e-05
0
0.0001857278
0.009851451
0.004951945
0.0001053664
0.001267719
0.0004004179
0.002505196
0
8.340691e-06
0.00283451
0.001190484
0.003642779
0.006378164
0
0.0005919667
0.0003458438
5.074363e-05
1.335829e-05
1.404436e-05
4.307106e-05
0.0007173649
0.0001706682
5.113966e-05
0.0002964348
0
0
0.0001497252
0.001125628
0.0006612306
0.0008550127
0.0003458561
0
0
0
4.244951e-05
0.0001361915
0
0.001306528
0.0002192231
0.0002720301
0.001269582
0.003411222
0.0002047716
0.001386571
3.70934e-05
0.001527973
0.0009431734
0.0003217418
0.0001057977
0
0.0001401901
0.001308194
0.000185208
5.454212e-05
0.0002914243
3.746012e-05
0.0002417422
0.0001803559
3.507305e-06
0.0004974625
0.001706376
0
0.0005009974
0
0.0003911703
0.002923902
0.0009211684
0.0006591539
0.004017345
0.0003639652
0.0001285808
0.0001064212
4.059441e-05
0
2.154473e-05
0
0
0.0009059391
8.979402e-05
0.0001921248
0.001320059
6.041654e-05
0
0.000188941
0.0008317264
0.002241527
0.001760343
0.0001764081
3.675548e-05
0.001369893
0.001473278
0
0
0.0002524393
0.0004511745
0.00108115
0.003643452
0.001495885
0
0.001772038
0.000503582
0.0002104659
3.415703e-05
0.001431917
0.0009562237
0.00140979
0.002001873
0.0001189156
0
3.829264e-05
0.0001863508
0
0.0001190475
0.001001382
0.002318505
0.0007575955
0.003183845
0.0003414825
0.008719568
0.00819542
0.0003873726
0.002342429
9.565928e-05
0.0001634149
0.00200787
0.0008741043
0.0001440416
2.226217e-05
0.0001115797
0
0.0005660353
0
0
0.0006768408
0.003350551
0.0006115364
1.469887e-05
0.000224037
0.0006092105
0.001466941
0.0004107769
0.0001978888
0.0003287179
0.001046489
0.0001539334
0.000718734
0.0003108654
8.454547e-05
0
0.0005300885
0.000869749
0.002754332
0.0006743553
0
0
0.0001084651
0.0003473725
0.0006053181
0
9.324091e-06
7.605924e-06
0.0001980777
0.0001632407
4.908214e-05
0.004537093
6.083249e-05
0.003391275
0.0008287114
0.0001866126
0.000163027
0
0.0002008193
7.286685e-05
0.002991985
0.002608877
0.002324993
0.0001695951
0.001737401
0.002192977
0.002920592
0.0002149205
8.579554e-05
0
0.0001472104
0.0002775669
0
0.0001053229
0.0008935631
0.0001387562
0.0002660055
0
0.0001522803
0.000319668
4.671162e-05
0
0
0
0.002324993
0.0001695951
0.001737401
0.002192977
0.002920592
0.0002149205
8.579554e-05
0
0.0001472104
0.0002775669
0
0.0001053229
0.0008935631
0.0001387562
0.0002660055
0
0.0001522803
0.000319668
4.671162e-05
0
0
0
0
5.057827e-05
0
0
0.0001892744
7.271007e-05
0.0002582968
0.0003855452
0
9.198555e-05
0.0001590398
4.374367e-05
9.797176e-05
0
0
0.0001054545
0
0.00155182
4.628025e-05
0.003294321
0.007387702
0.003105276
9.103378e-05
2.677974e-05
3.214064e-05
1.490065e-05
0
0.002299223
3.148281e-06
0.0009410591
0.0003015105
0.0006312061
0.0003651649
0.0001155271
0.003269606
0.001077132
8.384306e-06
0.0001538604
0.0002962831
7.552754e-05
0.0004489154
0.001454112
3.303878e-05
0
0.0001090328
0
2.608338e-06
0.0007961273
3.095295e-05
4.077612e-05
0.0002129167
0.0002073565
0.002734197
0.001584611
9.721057e-06
0.0001683446
0.0004334757
0.0002875677
0
0
0
0.0003966879
0
0.002389826
0.00196564
0.0008058097
0.000698082
0.001534445
0.0002606388
0
0
6.274931e-05
0.0008056879
0.001642389
0.0003539187
5.419155e-05
0.0003088023
0.000171233
7.72944e-05
0.005114316
0.0007904802
0.005244661
0.0003294721
0.0007905966
0.0008973957
0
0.001339779
0.001181154
0
0.004532109
0
0.006945693
0.001895991
0.0006088069
0.002650678
0.00257677
0.007084772
0.004610689
0.003477465
0.01103288
0.002244717
0.003428541
0.007100149
0.0005190028
0.0001663915
0.0001790054
0.0004112416
0.01470181
9.276351e-05
4.698105e-05
0
0.001355281
0.0004621811
0.0001551113
0.000782157
0.0001216032
4.402098e-05
0.001221514
0.0001834172
0
0
0.0003047673
5.988548e-05
0
0.0002826474
0
0
0
0
0
0.0004645134
0
0
0
0.0004156101
0.0003006871
0.003164066
1.501182e-05
0.0005693393
0.0001996682
0.0005884078
0.0002537805
0
0
0.0005684005
0
0.001969719
0.004406173
0.000329332
0.0003134386
0.0003438863
0
0.00133393
0.0006832587
0.003865166
0.001094299
0
0.0001106931
0.0003795758
0.0001147132
0.001015964
0.0002664592
0.001723876
0.0009172589
9.813206e-05
0.001013479
0.001808202
8.033431e-05
0.0001524083
0.0002424866
0.003344353
0.00101615
2.201229e-05
4.055601e-05
0
5.518767e-05
0.002989337
0.0005559132
0
3.482473e-06
0.002063421
0.00407628
0
0
0.0001516951
0.0006989635
4.685194e-05
0.003984984
0
0
0.001016071
0.005656346
0.002683735
0.0002791915
0.0001443331
0.0001555285
0.007347723
0.008252086
0
0
6.685374e-05
0
0.000150724
6.254576e-06
6.421568e-05
0.0004146242
0.0002401022
0
0.0006798757
0.0001762398
0.001919099
0.002333468
0.0005225188
0.0004360486
8.99513e-05
7.316777e-05
0.0002910401
0.0009211005
0.00167987
0.0002566848
0.0003026885
0.0002126715
0.0004849439
3.646151e-06
0
4.706787e-05
0.0001647001
0
0
0.0002328086
4.646369e-05
0.0002924595
0.001045201
0.0006565686
3.24216e-05
7.208024e-06
0.0001438102
0.0001456513
1.968473e-05
0.002264321
0
0.00282852
0.0004046238
7.8663e-05
0.0005578988
0.003369634
4.417388e-05
1.97391e-05
0.0004100008
0.001780753
0.0005950996
5.655096e-05
0.0007382703
0.0002862476
0.01195947
0.0005782492
7.529289e-05
0
0.0008885752
3.128096e-05
0.0002519355
1.493128e-05
5.621504e-05
0.000594571
0.0002892471
0
2.998411e-05
0.0001423363
0.0001557393
0
0.0002164565
0
4.565434e-05
0.0001192598
9.200997e-05
9.559935e-05
0.00096201
0.0007792299
0
0
0
9.498661e-05
0.0001694215
0.0003095306
0.003420906
0.001241233
0.0003288576
0.005166378
0
0.001125928
0.0005532681
0.002489868
0.0007229867
0.0003434873
0.0001847205
5.409155e-05
6.509985e-05
0.0001586731
0.0004954024
0.0006916352
0.00198297
0
0.0002949286
0.001773297
0.0006194897
3.325636e-05
0.0001219574
0.0001006836
0.000133458
0
0
0
0.0002163915
0.0002027041
0.0001302876
0.0009938015
0
0.0002680682
2.592141e-05
0.0002291841
0.001058037
1.818674e-05
2.998411e-05
0.0001423363
0.0001557393
0
0.0002164565
0
4.565434e-05
0.0001192598
9.200997e-05
9.559935e-05
0.00096201
0.0007792299
0
0
0
9.498661e-05
0.0001694215
0.0003095306
0.003420906
0.001241233
0.0003288576
0.005166378
0
0.001125928
0.0005532681
0.002489868
0.0007229867
0.0003434873
0.0001847205
5.409155e-05
6.509985e-05
0.0001586731
0.0004954024
0.0006916352
0.00198297
0
0.0002949286
0.001773297
0.0006194897
3.325636e-05
0.0001219574
0.0001006836
0.000133458
0
0
0
0.0002163915
0.0002027041
0.0001302876
0.0009938015
0
0.0002680682
2.592141e-05
0.0002291841
0.001058037
1.818674e-05
0.002102506
5.430387e-05
0.002833068
9.496082e-05
0.001512955
0.0003040483
0.001598347
0.0002323059
0.0006543409
0.0003213966
0.0007393525
0.0002270553
0
0.0005103104
0.0002789669
0.001237523
0.001218248
0.0008473783
0.0001328547
0.0004263752
0
0.0001115445
0.002248294
0.0009597184
0
5.507921e-06
0.0004697567
0.000317426
0.001161218
0.0004723186
0.0007689841
0.005369179
0.0001286055
4.539661e-05
0.0008836093
0.0003274167
0.001692701
0.003133504
0.0005016215
0.003289322
0
6.404801e-05
0
6.265823e-05
0.0004619818
7.285328e-05
0
0
0
0.0001435612
0.0009718125
0.001861219
0.0004535893
0.0001272823
0.000714159
0
8.626601e-05
0.0001950544
0
0.0001310382
1.316106e-06
0
6.318472e-05
0.0002384425
0.0009090257
0.003191001
0.0001013822
0.00512069
8.956748e-05
0
0.002823814
0.001455198
0.0002525633
0.000504947
0.0001717767
8.785106e-05
9.445103e-05
0.0006243694
0.006533519
0.0002329759
0.0009056858
0.002093586
0
0.007260874
6.283413e-05
0
1.680027e-05
6.638333e-05
0
0.0002453058
4.867142e-05
0.000441113
0.0001821666
0.0001935891
0.001506284
0.0007181626
0
4.312778e-05
2.376534e-05
1.701246e-05
0
0
0.0003170575
0.000644631
0.0005259352
0.001092978
8.134492e-05
0
0.0002763249
0.01096195
0.0002739483
0.001047466
0.005886183
0.001353862
0
0.0001011847
0.0006693287
0.0005871121
0
0
0
0.0005349977
0.0007950439
0
0.0007451857
0.007220899
0
0
0
0
0.000359664
0.0002483739
0.0004859065
0.0007039585
0.003512076
0.0005881512
0.0001226931
0.000866007
0.0008124645
0.0007179221
0
0.0002382645
0.0001061038
0.0003604224
0.01060125
0.0004433683
0.0001271592
0.001400917
7.597375e-05
8.501267e-05
6.448524e-05
0.0001134701
1.562367e-05
0.0001163334
0.00242374
0.0003010376
0.0001356681
0.001520146
0.001882223
0.00163631
0.001161319
4.655984e-05
0.0006830067
0.001614543
6.250165e-05
0.0002241956
0.0002671941
0.0008885263
0.001316874
5.555476e-05
0.000101175
0
0.002179183
0.0003107563
0.0003659479
0
2.427726e-05
0.0001008135
0.0001678433
0.001055321
0.0001466905
0
3.663281e-05
0.0002480669
0.001588427
1.814167e-05
0.003618305
0.002644005
0.001698871
0.001694907
0.002358482
0
2.012533e-05
0
0.004914328
0.005990144
1.748714e-06
3.392586e-05
0.008398121
0.002142182
0.001119868
0.0001389432
2.710356e-05
0.0001732368
0
3.72875e-05
0.000122508
5.155876e-05
8.458027e-05
0
0.002215826
6.309457e-06
9.575665e-05
0.0003261605
0.002716203
0.0006790678
0.006761737
0
0
0.0001334529
0
0.0007095211
0.0003152457
0.000219159
0
0.0003163258
0.001266593
0.0008421829
5.289198e-05
0.0001055469
6.041886e-05
0.001508794
5.465547e-05
0
0.005501002
0.002929748
0.005269403
0.0005427601
0.0004007565
0.0005933438
0.001135026
0.000127381
0.00801709
0.0001555317
0
0.0001916083
0.005017577
0.0003370056
2.709565e-05
0
0.0001737286
0.0004536641
0
0.0001384539
0.0008403821
2.372756e-05
0
7.620656e-05
0
0
0.0001787676
0.002245847
0.0004455603
0
0.0004668426
2.91608e-05
0.0002169287
0.002026037
0.001274541
0.0003742467
3.663373e-05
5.990412e-05
0.0009794402
0.0002943836
0
0
0.0009081762
0.0001513967
1.117165e-05
0
0.000537882
0.0002445244
0.001570244
0.0004141357
4.959393e-05
0
0.0002334545
0.0002808682
0.001846772
0.001946761
8.211893e-05
0.0002219107
0
0.0001455172
0.0002811522
0.0003663738
0
0
0.0006654422
0.0006268898
0.000167721
0.0002011368
0
0.0005715864
0.0002602236
0.0008039901
0
0.0004249392
0.0003723207
0.00317767
0
0.0001906915
0.0006882459
0
0.000505642
0.001071041
6.799641e-05
4.856651e-05
2.536612e-05
0.0005953833
0.0001537254
0.001975861
0.0005559458
0
0.000134429
0.003351632
0.0009288766
0.008616944
7.209614e-05
0.003816509
1.752975e-08
6.913231e-05
8.444387e-05
0
4.271621e-06
0.0001865798
8.499153e-06
0.000188321
0.000946495
0
0
0.0002119697
0.0001144774
0.00411266
0
0.00107743
0.0001712741
0.002396449
0.0002481147
0.0005487778
0.0003264206
0
0.003362783
0.001405531
0.005201349
2.206297e-05
0.0002601684
0.0005579211
0.000335054
0
7.356706e-05
0
5.968537e-06
2.015054e-05
0.0001423719
0.0003742967
6.211063e-05
0
0.004956604
0.000403779
0.0001431987
0
0
0.0004346875
8.114497e-05
0.001477946
9.044051e-06
0.00043246
0.0002003832
0
0
0.0001386911
0.0008351002
0.001220547
0.0005123752
0.0004431474
0.00036303
0.001574529
5.73472e-05
0.0003185804
0.004134272
0.0005837341
0.001542835
0.0002600713
5.770077e-05
0.0002358719
0
3.460973e-05
0
0
0.0001071873
0.0001742563
0
0
3.715924e-05
0.0001730361
0.001291477
0.001029704
0.000448857
0.001605589
0.001074137
0.0005956546
0
3.094561e-06
3.678242e-05
0
0
0.0004718075
0
0.002456738
0.0004477453
7.852559e-05
0
0
0.0002295182
0
0.00424883
0.00130943
0.009750011
0
0.0007249107
0.0004266596
0.001267202
0.001192907
0
0.001217877
0
6.111292e-05
0.0004642278
0
0.0001565662
0
0.003519973
0.001033919
0
2.93435e-06
0.0003119653
0
0.0001141408
0.0002077992
0.0002417159
0.0003759183
0.0001484127
0.0004481843
0
0.000111124
0
0
0.0002828982
0
3.936684e-05
0.001849156
0.0007574602
0.0003587913
0.0009102191
0.0009393058
0.001103697
3.970065e-05
0.00512716
0.002513341
0.00284408
3.598351e-05
0.001225826
0.0001061569
0.0007194522
7.96773e-05
0
0.0009572474
0.00011542
0.002237436
0
0
9.714471e-05
0
0.0003615153
3.281184e-05
0.0001207222
2.406316e-05
0
0.0001857278
0.009851451
0.004951945
0.0001053664
0.001267719
0.0004004179
0.002505196
0
8.340691e-06
0.00283451
0.001190484
0.003642779
0.006378164
0
0.0005919667
0.0003458438
5.074363e-05
1.335829e-05
1.404436e-05
4.307106e-05
0.0007173649
0.0001706682
5.113966e-05
0.0002964348
0
0
0.0001497252
0.001125628
0.0006612306
0.0008550127
0.0003458561
0
0
0
4.244951e-05
0.0001361915
0
0.001306528
0.0002192231
0.0002720301
0.001269582
0.003411222
0.0002047716
0.001386571
3.70934e-05
0.001527973
0.0009431734
0.0003217418
0.0001057977
0
0.0001401901
0.001308194
0.000185208
5.454212e-05
0.0002914243
3.746012e-05
0.0002417422
0.0001803559
3.507305e-06
0.0004974625
0.001706376
0
0.0005009974
0
0.0003911703
0.002923902
0.0009211684
0.0006591539
0.004017345
0.0003639652
0.0001285808
0.0001064212
4.059441e-05
0
2.154473e-05
0
0
0.0009059391
8.979402e-05
0.0001921248
0.001320059
6.041654e-05
0
0.000188941
0.0008317264
0.002241527
0.001760343
0.0001764081
3.675548e-05
0.001369893
0.001473278
0
0
0.0002524393
0.0004511745
0.00108115
0.003643452
0.001495885
0
0.001772038
0.000503582
0.0002104659
3.415703e-05
0.001431917
0.0009562237
0.00140979
0.002001873
0.0001189156
0
3.829264e-05
0.0001863508
0
0.0001190475
0.001001382
0.002318505
0.0007575955
0.003183845
0.0003414825
0.008719568
0.00819542
0.0003873726
0.002342429
9.565928e-05
0.0001634149
0.00200787
0.0008741043
0.0001440416
2.226217e-05
0.0001115797
0
0.0005660353
0
0
0.0006768408
0.003350551
0.0006115364
1.469887e-05
0.000224037
0.0006092105
0.001466941
0.0004107769
0.0001978888
0.0003287179
0.001046489
0.0001539334
0.000718734
0.0003108654
8.454547e-05
0
0.0005300885
0.000869749
0.002754332
0.0006743553
0
0
0.0001084651
0.0003473725
0.0006053181
0
9.324091e-06
7.605924e-06
0.0001980777
0.0001632407
4.908214e-05
0.004537093
6.083249e-05
0.003391275
0.0008287114
0.0001866126
0.000163027
0
0.0002008193
7.286685e-05
0.002991985
0.002608877
0.002324993
0.0001695951
0.001737401
0.002192977
0.002920592
0.0002149205
8.579554e-05
0
0.0001472104
0.0002775669
0
0.0001053229
0.0008935631
0.0001387562
0.0002660055
0
0.0001522803
0.000319668
4.671162e-05
0
0
0
0.002324993
0.0001695951
0.001737401
0.002192977
0.002920592
0.0002149205
8.579554e-05
0
0.0001472104
0.0002775669
0
0.0001053229
0.0008935631
0.0001387562
0.0002660055
0
0.0001522803
0.000319668
4.671162e-05
0
0
0
0
5.057827e-05
0
0
0.0001892744
7.271007e-05
0.0002582968
0.0003855452
0
9.198555e-05
0.0001590398
4.374367e-05
9.797176e-05
0
0
0.0001054545
0
0.00155182
4.628025e-05
0.003294321
0.007387702
0.003105276
9.103378e-05
2.677974e-05
3.214064e-05
1.490065e-05
0
0.002299223
3.148281e-06
0.0009410591
0.0003015105
0.0006312061
0.0003651649
0.0001155271
0.003269606
0.001077132
8.384306e-06
0.0001538604
0.0002962831
7.552754e-05
0.0004489154
0.001454112
3.303878e-05
0
0.0001090328
0
2.608338e-06
0.0007961273
3.095295e-05
4.077612e-05
0.0002129167
0.0002073565
0.002734197
0.001584611
9.721057e-06
0.0001683446
0.0004334757
0.0002875677
0
0
0
0.0003966879
0
0.002389826
0.00196564
0.0008058097
0.000698082
0.001534445
0.0002606388
0
0
6.274931e-05
0.0008056879
0.001642389
0.0003539187
5.419155e-05
0.0003088023
0.000171233
7.72944e-05
0.005114316
0.0007904802
0.005244661
0.0003294721
0.0007905966
0.0008973957
0
0.001339779
0.001181154
0
0.004532109
0
0.006945693
0.001895991
0.0006088069
0.002650678
0.00257677
0.007084772
0.004610689
0.003477465
0.01103288
0.002244717
0.003428541
0.007100149
0.0005190028
0.0001663915
0.0001790054
0.0004112416
0.01470181
9.276351e-05
4.698105e-05
0
0.001355281
0.0004621811
0.0001551113
0.000782157
0.0001216032
4.402098e-05
0.001221514
0.0001834172
0
0
0.0003047673
5.988548e-05
0
0.0002826474
0
0
0
0
0
0.0004645134
0
0
0
0.0004156101
0.0003006871
0.003164066
1.501182e-05
0.0005693393
0.0001996682
0.0005884078
0.0002537805
0
0
0.0005684005
0
0.001969719
0.004406173
0.000329332
0.0003134386
0.0003438863
0
0.00133393
0.0006832587
0.003865166
0.001094299
0
0.0001106931
0.0003795758
0.0001147132
0.001015964
0.0002664592
0.001723876
0.0009172589
9.813206e-05
0.001013479
0.001808202
8.033431e-05
0.0001524083
0.0002424866
0.003344353
0.00101615
2.201229e-05
4.055601e-05
0
5.518767e-05
0.002989337
0.0005559132
0
3.482473e-06
0.002063421
0.00407628
0
0
0.0001516951
0.0006989635
4.685194e-05
0.003984984
0
0
0.001016071
0.005656346
0.002683735
0.0002791915
0.0001443331
0.0001555285
0.007347723
0.008252086
0
0
6.685374e-05
0
0.000150724
6.254576e-06
6.421568e-05
0.0004146242
0.0002401022
0
0.0006798757
0.0001762398
0.001919099
0.002333468
0.0005225188
0.0004360486
8.99513e-05
7.316777e-05
0.0002910401
0.0009211005
0.00167987
0.0002566848
0.0003026885
0.0002126715
0.0004849439
3.646151e-06
0
4.706787e-05
0.0001647001
0
0
0.0002328086
4.646369e-05
0.0002924595
0.001045201
0.0006565686
3.24216e-05
7.208024e-06
0.0001438102
0.0001456513
1.968473e-05
0.002264321
0
0.00282852
0.0004046238
7.8663e-05
0.0005578988
0.003369634
4.417388e-05
1.97391e-05
0.0004100008
0.001780753
0.0005950996
5.655096e-05
0.0007382703
0.0002862476
0.01195947
0.0005782492
7.529289e-05
0
0.0008885752
3.128096e-05
0.0002519355
1.493128e-05
5.621504e-05
0.000594571
0.0002892471
0
2.998411e-05
0.0001423363
0.0001557393
0
0.0002164565
0
4.565434e-05
0.0001192598
9.200997e-05
9.559935e-05
0.00096201
0.0007792299
0
0
0
9.498661e-05
0.0001694215
0.0003095306
0.003420906
0.001241233
0.0003288576
0.005166378
0
0.001125928
0.0005532681
0.002489868
0.0007229867
0.0003434873
0.0001847205
5.409155e-05
6.509985e-05
0.0001586731
0.0004954024
0.0006916352
0.00198297
0
0.0002949286
0.001773297
0.0006194897
3.325636e-05
0.0001219574
0.0001006836
0.000133458
0
0
0
0.0002163915
0.0002027041
0.0001302876
0.0009938015
0
0.0002680682
2.592141e-05
0.0002291841
0.001058037
1.818674e-05
2.998411e-05
0.0001423363
0.0001557393
0
0.0002164565
0
4.565434e-05
0.0001192598
9.200997e-05
9.559935e-05
0.00096201
0.0007792299
0
0
0
9.498661e-05
0.0001694215
0.0003095306
0.003420906
0.001241233
0.0003288576
0.005166378
0
0.001125928
0.0005532681
0.002489868
0.0007229867
0.0003434873
0.0001847205
5.409155e-05
6.509985e-05
0.0001586731
0.0004954024
0.0006916352
0.00198297
0
0.0002949286
0.001773297
0.0006194897
3.325636e-05
0.0001219574
0.0001006836
0.000133458
0
0
0
0.0002163915
0.0002027041
0.0001302876
0.0009938015
0
0.0002680682
2.592141e-05
0.0002291841
0.001058037
1.818674e-05
0.002102506
5.430387e-05
0.002833068
9.496082e-05
0.001512955
0.0003040483
0.001598347
0.0002323059
0.0006543409
0.0003213966
0.0007393525
0.0002270553
0
0.0005103104
0.0002789669
0.001237523
0.001218248
0.0008473783
0.0001328547
0.0004263752
0
0.0001115445
0.002248294
0.0009597184
0
5.507921e-06
0.0004697567
0.000317426
0.001161218
0.0004723186
0.0007689841
0.005369179
0.0001286055
4.539661e-05
0.0008836093
0.0003274167
0.001692701
0.003133504
0.0005016215
0.003289322
0
6.404801e-05
0
6.265823e-05
0.0004619818
7.285328e-05
0
0
0
0.0001435612
0.0009718125
0.001861219
0.0004535893
0.0001272823
0.000714159
0
8.626601e-05
0.0001950544
0
0.0001310382
1.316106e-06
0
6.318472e-05
0.0002384425
0.0009090257
0.003191001
0.0001013822
0.00512069
8.956748e-05
0
0.002823814
0.001455198
0.0002525633
0.000504947
0.0001717767
8.785106e-05
9.445103e-05
0.0006243694
0.006533519
0.0002329759
0.0009056858
0.002093586
0
0.007260874
6.283413e-05
0
1.680027e-05
6.638333e-05
0
0.0002453058
4.867142e-05
0.000441113
0.0001821666
0.0001935891
0.001506284
0.0007181626
0
4.312778e-05
2.376534e-05
1.701246e-05
0
0
0.0003170575
0.000644631
0.0005259352
0.001092978
8.134492e-05
0
0.0002763249
0.01096195
0.0002739483
0.001047466
0.005886183
0.001353862
0
0.0001011847
0.0006693287
0.0005871121
0
0
0
0.0005349977
0.0007950439
0
0.0007451857
0.007220899
0
0
0
0
0.000359664
0.0002483739
0.0004859065
0.0007039585
0.003512076
0.0005881512
0.0001226931
0.000866007
0.0008124645
0.0007179221
0
0.0002382645
0.0001061038
0.0003604224
0.01060125
0.0004433683
0.0001271592
0.001400917
7.597375e-05
8.501267e-05
6.448524e-05
0.0001134701
1.562367e-05
0.0001163334
0.00242374
0.0003010376
0.0001356681
0.001520146
0.001882223
0.00163631
0.001161319
4.655984e-05
0.0006830067
0.001614543
6.250165e-05
0.0002241956
0.0002671941
0.0008885263
0.001316874
5.555476e-05
0.000101175
0
0.002179183
0.0003107563
0.0003659479
0
2.427726e-05
0.0001008135
0.0001678433
0.001055321
0.0001466905
0
3.663281e-05
0.0002480669
0.001588427
1.814167e-05
0.003618305
0.002644005
0.001698871
0.001694907
0.002358482
0
2.012533e-05
0
0.004914328
0.005990144
1.748714e-06
3.392586e-05
0.008398121
0.002142182
0.001119868
0.0001389432
2.710356e-05
0.0001732368
0
3.72875e-05
0.000122508
5.155876e-05
8.458027e-05
0
0.002215826
6.309457e-06
9.575665e-05
0.0003261605
0.002716203
0.0006790678
0.006761737
0
0
0.0001334529
0
0.0007095211
0.0003152457
0.000219159
0
0.0003163258
0.001266593
0.0008421829
5.289198e-05
0.0001055469
6.041886e-05
0.001508794
5.465547e-05
0
0.005501002
0.002929748
0.005269403
0.0005427601
0.0004007565
0.0005933438
0.001135026
0.000127381
0.00801709
0.0001555317
0
0.0001916083
0.005017577
0.0003370056
2.709565e-05
0
0.0001737286
0.0004536641
0
0.0001384539
0.0008403821
2.372756e-05
0
7.620656e-05
0
0
0.0001787676
0.002245847
0.0004455603
0
0.0004668426
2.91608e-05
0.0002169287
0.002026037
0.001274541
0.0003742467
3.663373e-05
5.990412e-05
0.0009794402
0.0002943836
0
0
0.0009081762
0.0001513967
1.117165e-05
0
5.465547e-05
0
0.005501002
0.002929748
0.005269403
0.0005427601
0.0004007565
0.0005933438
0.001135026
0.000127381
0.00801709
0.0001555317
0
0.0001916083
0.005017577
0.0003370056
2.709565e-05
0
0.0001737286
0.0004536641
0
0.0001384539
0.0008403821
2.372756e-05
0
7.620656e-05
0
0
0.0001787676
0.002245847
0.0004455603
0
0.0004668426
2.91608e-05
0.0002169287
0.002026037
0.001274541
0.0003742467
3.663373e-05
5.990412e-05
0.0009794402
0.0002943836
0
0
0.0009081762
0.0001513967
1.117165e-05
0
0.0005361199
0.006741617
0
0
0.0003855546
0
9.678433e-05
0.000504632
0.0003480102
0
0.001276449
7.75497e-06
0
0.0002417032
0.0001306338
0.000252726
0.0001063042
0.0004237208
0.009207145
0.0006736029
0.002913231
0.003757917
0.0001875189
0
0.002191538
0.00210402
0.0002129788
0.0002170937
9.039192e-05
0.0002508944
0.0003001178
3.514068e-05
0
0
0.002541238
0.004525628
0.0001727148
0.000414867
0
8.171263e-05
0
6.92882e-05
0.0001540537
0.01001987
0.005667953
0.003836561
0.0001281021
0.0001009437
0
8.128447e-05
0.0002209025
0.003039599
0
0.0007257152
0
0.0001248598
0.0001472979
0.0003219898
0
0.001822588
7.748923e-05
0.0001506705
0
0.0001088803
0.0008775139
0
0
0.00202136
0.0003504579
0.001332394
0.0002998958
5.701926e-06
0.0006397862
0.0001775152
0
0.0001402778
0.00049743
7.686473e-05
0
4.388121e-05
9.214836e-05
0.0002025393
0
0
0.002282437
0.002099768
0.0008711175
0.0004542232
0
0.003738632
5.261824e-05
0.000291396
0.0002768836
0.001363079
0.002910734
0.001793799
0.002948431
0.0002776442
0.0004861316
0.0006092032
2.303109e-05
0
0.0005532965
0.0005454663
0.0009069608
0.0005802497
0
0.0004107583
0.0007485875
0
0.003056855
0.004762136
0.004347129
0.00237259
0.0001731562
0.0003652262
8.456838e-05
0.0002714845
5.060984e-05
9.734403e-05
0
0
0.0001250019
8.241607e-05
0.001155978
0.006007918
0.0009987847
0.000106397
2.475746e-05
0
0
0.0001255855
3.03394e-05
0.0003405462
0
0.0001480953
0.0001123337
0
0.001072653
0.0003504546
0.004013752
0.004845226
0.0001053505
0.0016393
0.000537882
0.0002445244
0.001570244
0.0004141357
4.959393e-05
0
0.0002334545
0.0002808682
0.001846772
0.001946761
8.211893e-05
0.0002219107
0
0.0001455172
0.0002811522
0.0003663738
0
0
0.0006654422
0.0006268898
0.000167721
0.0002011368
0
0.0005715864
0.0002602236
0.0008039901
0
0.0004249392
0.0003723207
0.00317767
0
0.0001906915
0.0006882459
0
0.000505642
0.001071041
6.799641e-05
4.856651e-05
2.536612e-05
0.0005953833
0.0001537254
0.001975861
0.0005559458
0
0.000134429
0.003351632
0.0009288766
0.008616944
7.209614e-05
0.003816509
1.752975e-08
6.913231e-05
8.444387e-05
0
4.271621e-06
0.0001865798
8.499153e-06
0.000188321
0.000946495
0
0
0.0002119697
0.0001144774
0.00411266
0
0.00107743
0.0001712741
0.002396449
0.0002481147
0.0005487778
0.0003264206
0
0.003362783
0.001405531
0.005201349
2.206297e-05
0.0002601684
0.0005579211
0.000335054
0
7.356706e-05
0
5.968537e-06
2.015054e-05
0.0001423719
0.0003742967
6.211063e-05
0
0.004956604
0.000403779
0.0001431987
0
0
0.0004346875
8.114497e-05
0.001477946
9.044051e-06
0.00043246
0.0002003832
0
0
0.0001386911
0.0008351002
0.001220547
0.0005123752
0.0004431474
0.00036303
0.001574529
5.73472e-05
0.0003185804
0.004134272
0.0005837341
0.001542835
0.0002600713
5.770077e-05
0.0002358719
0
3.460973e-05
0
0
0.0001071873
0.0001742563
0
0
3.715924e-05
0.0001730361
0.001291477
0.001029704
0.000448857
0.001605589
0.001074137
0.0005956546
0
3.094561e-06
3.678242e-05
0
0
0.0004718075
0
0.002456738
0.0004477453
7.852559e-05
0
0
0.0002295182
0
0.00424883
0.00130943
0.009750011
0
0.0007249107
0.0004266596
0.001267202
0.001192907
0
0.001217877
0
6.111292e-05
0.0004642278
0
0.0001565662
0
0.003519973
0.001033919
0
2.93435e-06
0.0003119653
0
0.0001141408
0.0002077992
0.0002417159
0.0003759183
0.0001484127
0.0004481843
0
0.000111124
0
0
0.0002828982
0
3.936684e-05
0.001849156
0.0007574602
0.0003587913
0.0009102191
0.0009393058
0.001103697
3.970065e-05
0.00512716
0.002513341
0.00284408
3.598351e-05
0.001225826
0.0001061569
0.0007194522
7.96773e-05
0
0.0009572474
0.00011542
0.002237436
0
0
9.714471e-05
0
0.0003615153
3.281184e-05
0.0001207222
2.406316e-05
0
0.0001857278
0.009851451
0.004951945
0.0001053664
0.001267719
0.0004004179
0.002505196
0
8.340691e-06
0.00283451
0.001190484
0.003642779
0.006378164
0
0.0005919667
0.0003458438
5.074363e-05
1.335829e-05
1.404436e-05
4.307106e-05
0.0007173649
0.0001706682
5.113966e-05
0.0002964348
0
0
0.0001497252
0.001125628
0.0006612306
0.0008550127
0.0003458561
0
0
0
4.244951e-05
0.0001361915
0
0.001306528
0.0002192231
0.0002720301
0.001269582
0.003411222
0.0002047716
0.001386571
3.70934e-05
0.001527973
0.0009431734
0.0003217418
0.0001057977
0
0.0001401901
0.001308194
0.000185208
5.454212e-05
0.0002914243
3.746012e-05
0.0002417422
0.0001803559
3.507305e-06
0.0004974625
0.001706376
0
0.0005009974
0
0.0003911703
0.002923902
0.0009211684
0.0006591539
0.004017345
0.0003639652
0.0001285808
0.0001064212
4.059441e-05
0
2.154473e-05
0
0
0.0009059391
8.979402e-05
0.0001921248
0.001320059
6.041654e-05
0
0.000188941
0.0008317264
0.002241527
0.001760343
0.0001764081
3.675548e-05
0.001369893
0.001473278
0
0
0.0002524393
0.0004511745
0.00108115
0.003643452
0.001495885
0
0.001772038
0.000503582
0.0002104659
3.415703e-05
0.001431917
0.0009562237
0.00140979
0.002001873
0.0001189156
0
3.829264e-05
0.0001863508
0
0.0001190475
0.001001382
0.002318505
0.0007575955
0.003183845
0.0003414825
0.008719568
0.00819542
0.0003873726
0.002342429
9.565928e-05
0.0001634149
0.00200787
0.0008741043
0.0001440416
2.226217e-05
0.0001115797
0
0.0005660353
0
0
0.0006768408
0.003350551
0.0006115364
1.469887e-05
0.000224037
0.0006092105
0.001466941
0.0004107769
0.0001978888
0.0003287179
0.001046489
0.0001539334
0.000718734
0.0003108654
8.454547e-05
0
0.0005300885
0.000869749
0.002754332
0.0006743553
0
0
0.0001084651
0.0003473725
0.0006053181
0
9.324091e-06
7.605924e-06
0.0001980777
0.0001632407
4.908214e-05
0.004537093
6.083249e-05
0.003391275
0.0008287114
0.0001866126
0.000163027
0
0.0002008193
7.286685e-05
0.002991985
0.002608877
0.002324993
0.0001695951
0.001737401
0.002192977
0.002920592
0.0002149205
8.579554e-05
0
0.0001472104
0.0002775669
0
0.0001053229
0.0008935631
0.0001387562
0.0002660055
0
0.0001522803
0.000319668
4.671162e-05
0
0
0
0.002324993
0.0001695951
0.001737401
0.002192977
0.002920592
0.0002149205
8.579554e-05
0
0.0001472104
0.0002775669
0
0.0001053229
0.0008935631
0.0001387562
0.0002660055
0
0.0001522803
0.000319668
4.671162e-05
0
0
0
0
5.057827e-05
0
0
0.0001892744
7.271007e-05
0.0002582968
0.0003855452
0
9.198555e-05
0.0001590398
4.374367e-05
9.797176e-05
0
0
0.0001054545
0
0.00155182
4.628025e-05
0.003294321
0.007387702
0.003105276
9.103378e-05
2.677974e-05
3.214064e-05
1.490065e-05
0
0.002299223
3.148281e-06
0.0009410591
0.0003015105
0.0006312061
0.0003651649
0.0001155271
0.003269606
0.001077132
8.384306e-06
0.0001538604
0.0002962831
7.552754e-05
0.0004489154
0.001454112
3.303878e-05
0
0.0001090328
0
2.608338e-06
0.0007961273
3.095295e-05
4.077612e-05
0.0002129167
0.0002073565
0.002734197
0.001584611
9.721057e-06
0.0001683446
0.0004334757
0.0002875677
0
0
0
0.0003966879
0
0.002389826
0.00196564
0.0008058097
0.000698082
0.001534445
0.0002606388
0
0
6.274931e-05
0.0008056879
0.001642389
0.0003539187
5.419155e-05
0.0003088023
0.000171233
7.72944e-05
0.005114316
0.0007904802
0.005244661
0.0003294721
0.0007905966
0.0008973957
0
0.001339779
0.001181154
0
0.004532109
0
0.006945693
0.001895991
0.0006088069
0.002650678
0.00257677
0.007084772
0.004610689
0.003477465
0.01103288
0.002244717
0.003428541
0.007100149
0.0005190028
0.0001663915
0.0001790054
0.0004112416
0.01470181
9.276351e-05
4.698105e-05
0
0.001355281
0.0004621811
0.0001551113
0.000782157
0.0001216032
4.402098e-05
0.001221514
0.0001834172
0
0
0.0003047673
5.988548e-05
0
0.0002826474
0
0
0
0
0
0.0004645134
0
0
0
0.0004156101
0.0003006871
0.003164066
1.501182e-05
0.0005693393
0.0001996682
0.0005884078
0.0002537805
0
0
0.0005684005
0
0.001969719
0.004406173
0.000329332
0.0003134386
0.0003438863
0
0.00133393
0.0006832587
0.003865166
0.001094299
0
0.0001106931
0.0003795758
0.0001147132
0.001015964
0.0002664592
0.001723876
0.0009172589
9.813206e-05
0.001013479
0.001808202
8.033431e-05
0.0001524083
0.0002424866
0.003344353
0.00101615
2.201229e-05
4.055601e-05
0
5.518767e-05
0.002989337
0.0005559132
0
3.482473e-06
0.002063421
0.00407628
0
0
0.0001516951
0.0006989635
4.685194e-05
0.003984984
0
0
0.001016071
0.005656346
0.002683735
0.0002791915
0.0001443331
0.0001555285
0.007347723
0.008252086
0
0
6.685374e-05
0
0.000150724
6.254576e-06
6.421568e-05
0.0004146242
0.0002401022
0
0.0006798757
0.0001762398
0.001919099
0.002333468
0.0005225188
0.0004360486
8.99513e-05
7.316777e-05
0.0002910401
0.0009211005
0.00167987
0.0002566848
0.0003026885
0.0002126715
0.0004849439
3.646151e-06
0
4.706787e-05
0.0001647001
0
0
0.0002328086
4.646369e-05
0.0002924595
0.001045201
0.0006565686
3.24216e-05
7.208024e-06
0.0001438102
0.0001456513
1.968473e-05
0.002264321
0
0.00282852
0.0004046238
7.8663e-05
0.0005578988
0.003369634
4.417388e-05
1.97391e-05
0.0004100008
0.001780753
0.0005950996
5.655096e-05
0.0007382703
0.0002862476
0.01195947
0.0005782492
7.529289e-05
0
0.0008885752
3.128096e-05
0.0002519355
1.493128e-05
5.621504e-05
0.000594571
0.0002892471
0
2.998411e-05
0.0001423363
0.0001557393
0
0.0002164565
0
4.565434e-05
0.0001192598
9.200997e-05
9.559935e-05
0.00096201
0.0007792299
0
0
0
9.498661e-05
0.0001694215
0.0003095306
0.003420906
0.001241233
0.0003288576
0.005166378
0
0.001125928
0.0005532681
0.002489868
0.0007229867
0.0003434873
0.0001847205
5.409155e-05
6.509985e-05
0.0001586731
0.0004954024
0.0006916352
0.00198297
0
0.0002949286
0.001773297
0.0006194897
3.325636e-05
0.0001219574
0.0001006836
0.000133458
0
0
0
0.0002163915
0.0002027041
0.0001302876
0.0009938015
0
0.0002680682
2.592141e-05
0.0002291841
0.001058037
1.818674e-05
2.998411e-05
0.0001423363
0.0001557393
0
0.0002164565
0
4.565434e-05
0.0001192598
9.200997e-05
9.559935e-05
0.00096201
0.0007792299
0
0
0
9.498661e-05
0.0001694215
0.0003095306
0.003420906
0.001241233
0.0003288576
0.005166378
0
0.001125928
0.0005532681
0.002489868
0.0007229867
0.0003434873
0.0001847205
5.409155e-05
6.509985e-05
0.0001586731
0.0004954024
0.0006916352
0.00198297
0
0.0002949286
0.001773297
0.0006194897
3.325636e-05
0.0001219574
0.0001006836
0.000133458
0
0
0
0.0002163915
0.0002027041
0.0001302876
0.0009938015
0
0.0002680682
2.592141e-05
0.0002291841
0.001058037
1.818674e-05
0.002102506
5.430387e-05
0.002833068
9.496082e-05
0.001512955
0.0003040483
0.001598347
0.0002323059
0.0006543409
0.0003213966
0.0007393525
0.0002270553
0
0.0005103104
0.0002789669
0.001237523
0.001218248
0.0008473783
0.0001328547
0.0004263752
0
0.0001115445
0.002248294
0.0009597184
0
5.507921e-06
0.0004697567
0.000317426
0.001161218
0.0004723186
0.0007689841
0.005369179
0.0001286055
4.539661e-05
0.0008836093
0.0003274167
0.001692701
0.003133504
0.0005016215
0.003289322
0
6.404801e-05
0
6.265823e-05
0.0004619818
7.285328e-05
0
0
0
0.0001435612
0.0009718125
0.001861219
0.0004535893
0.0001272823
0.000714159
0
8.626601e-05
0.0001950544
0
0.0001310382
1.316106e-06
0
6.318472e-05
0.0002384425
0.0009090257
0.003191001
0.0001013822
0.00512069
8.956748e-05
0
0.002823814
0.001455198
0.0002525633
0.000504947
0.0001717767
8.785106e-05
9.445103e-05
0.0006243694
0.006533519
0.0002329759
0.0009056858
0.002093586
0
0.007260874
6.283413e-05
0
1.680027e-05
6.638333e-05
0
0.0002453058
4.867142e-05
0.000441113
0.0001821666
0.0001935891
0.001506284
0.0007181626
0
4.312778e-05
2.376534e-05
1.701246e-05
0
0
0.0003170575
0.000644631
0.0005259352
0.001092978
8.134492e-05
0
0.0002763249
0.01096195
0.0002739483
0.001047466
0.005886183
0.001353862
0
0.0001011847
0.0006693287
0.0005871121
0
0
0
0.0005349977
0.0007950439
0
0.0007451857
0.007220899
0
0
0
0
0.000359664
0.0002483739
0.0004859065
0.0007039585
0.003512076
0.0005881512
0.0001226931
0.000866007
0.0008124645
0.0007179221
0
0.0002382645
0.0001061038
0.0003604224
0.01060125
0.0004433683
0.0001271592
0.001400917
7.597375e-05
8.501267e-05
6.448524e-05
0.0001134701
1.562367e-05
0.0001163334
0.00242374
0.0003010376
0.0001356681
0.001520146
0.001882223
0.00163631
0.001161319
4.655984e-05
0.0006830067
0.001614543
6.250165e-05
0.0002241956
0.0002671941
0.0008885263
0.001316874
5.555476e-05
0.000101175
0
0.002179183
0.0003107563
0.0003659479
0
2.427726e-05
0.0001008135
0.0001678433
0.001055321
0.0001466905
0
3.663281e-05
0.0002480669
0.001588427
1.814167e-05
0.003618305
0.002644005
0.001698871
0.001694907
0.002358482
0
2.012533e-05
0
0.004914328
0.005990144
1.748714e-06
3.392586e-05
0.008398121
0.002142182
0.001119868
0.0001389432
2.710356e-05
0.0001732368
0
3.72875e-05
0.000122508
5.155876e-05
8.458027e-05
0
0.002215826
6.309457e-06
9.575665e-05
0.0003261605
0.002716203
0.0006790678
0.006761737
0
0
0.0001334529
0
0.0007095211
0.0003152457
0.000219159
0
0.0003163258
0.001266593
0.0008421829
5.289198e-05
0.0001055469
6.041886e-05
0.001508794
5.465547e-05
0
0.005501002
0.002929748
0.005269403
0.0005427601
0.0004007565
0.0005933438
0.001135026
0.000127381
0.00801709
0.0001555317
0
0.0001916083
0.005017577
0.0003370056
2.709565e-05
0
0.0001737286
0.0004536641
0
0.0001384539
0.0008403821
2.372756e-05
0
7.620656e-05
0
0
0.0001787676
0.002245847
0.0004455603
0
0.0004668426
2.91608e-05
0.0002169287
0.002026037
0.001274541
0.0003742467
3.663373e-05
5.990412e-05
0.0009794402
0.0002943836
0
0
0.0009081762
0.0001513967
1.117165e-05
0
5.465547e-05
0
0.005501002
0.002929748
0.005269403
0.0005427601
0.0004007565
0.0005933438
0.001135026
0.000127381
0.00801709
0.0001555317
0
0.0001916083
0.005017577
0.0003370056
2.709565e-05
0
0.0001737286
0.0004536641
0
0.0001384539
0.0008403821
2.372756e-05
0
7.620656e-05
0
0
0.0001787676
0.002245847
0.0004455603
0
0.0004668426
2.91608e-05
0.0002169287
0.002026037
0.001274541
0.0003742467
3.663373e-05
5.990412e-05
0.0009794402
0.0002943836
0
0
0.0009081762
0.0001513967
1.117165e-05
0
0.0005361199
0.006741617
0
0
0.0003855546
0
9.678433e-05
0.000504632
0.0003480102
0
0.001276449
7.75497e-06
0
0.0002417032
0.0001306338
0.000252726
0.0001063042
0.0004237208
0.009207145
0.0006736029
0.002913231
0.003757917
0.0001875189
0
0.002191538
0.00210402
0.0002129788
0.0002170937
9.039192e-05
0.0002508944
0.0003001178
3.514068e-05
0
0
0.002541238
0.004525628
0.0001727148
0.000414867
0
8.171263e-05
0
6.92882e-05
0.0001540537
0.01001987
0.005667953
0.003836561
0.0001281021
0.0001009437
0
8.128447e-05
0.0002209025
0.003039599
0
0.0007257152
0
0.0001248598
0.0001472979
0.0003219898
0
0.001822588
7.748923e-05
0.0001506705
0
0.0001088803
0.0008775139
0
0
0.00202136
0.0003504579
0.001332394
0.0002998958
5.701926e-06
0.0006397862
0.0001775152
0
0.0001402778
0.00049743
7.686473e-05
0
4.388121e-05
9.214836e-05
0.0002025393
0
0
0.002282437
0.002099768
0.0008711175
0.0004542232
0
0.003738632
5.261824e-05
0.000291396
0.0002768836
0.001363079
0.002910734
0.001793799
0.002948431
0.0002776442
0.0004861316
0.0006092032
2.303109e-05
0
0.0005532965
0.0005454663
0.0009069608
0.0005802497
0
0.0004107583
0.0007485875
0
0.003056855
0.004762136
0.004347129
0.00237259
0.0001731562
0.0003652262
8.456838e-05
0.0002714845
5.060984e-05
9.734403e-05
0
0
0.0001250019
8.241607e-05
0.001155978
0.006007918
0.0009987847
0.000106397
2.475746e-05
0
0
0.0001255855
3.03394e-05
0.0003405462
0
0.0001480953
0.0001123337
0
0.001072653
0.0003504546
0.004013752
0.004845226
0.0001053505
0.0016393
