0.001416914
0.002064189
0.002910613
0.003360346
0.003456267
0.002008759
0.002265231
0.0009659987
0.001294904
0.001029849
0.001465138
0.00273115
0.001644822
0.001285584
0.001592406
0.001083735
0.001570156
0.0008696725
0.0009148882
0.0008513011
0.0005739413
0.0009495725
0.001236265
0.001478831
0.004765868
0.001819434
0.002539256
0.00061041
0.00344888
0.001480351
0.003384059
0.002377775
0.005458111
0.001055991
0.001582998
0.004026124
0.002960178
0.0005481018
0.0002541902
0.001804959
0.0008960172
0.001653167
0.0001288094
0.0008572217
0.0008924942
0.001534504
0.0003806317
0.0004310085
0.0008376041
0.0009539976
0.001716905
0.0009407103
0.004111623
0.001253493
0.001676204
0.002671301
0.001155744
0.001199217
0.001301151
0.0006259682
0.002444216
0.004413735
0.002490338
0.002539314
0.001080343
0.0008532726
0.0006405522
0.0008284601
0.0004682365
0.0014329
0.0004276948
2.048641e-05
0.0007551966
0.001069402
0.0008478778
0.002293705
0.001780493
0.0006279255
0.0002004079
0.0009000928
0.0006690557
0.001133427
0.0002981808
0.0002771704
0.002283504
0.000949572
8.642868e-05
0.001375865
0.002672491
0.0003584725
0.002554679
0.001568038
0.0004625772
2.500342e-05
0.0002022553
0.0006437316
0.0003920547
1.127367e-05
0.002661305
0.001373458
0.002769464
0.0008095203
0.0004901206
3.72036e-05
0.0001934388
0.0004128467
0.002127011
3.127766e-05
0.0005046016
0.001327274
0.0002564411
0.0001738507
0.001555634
0.001191614
0.000934844
5.981003e-05
0.001434486
0.0005611334
0.0004904475
0.001059355
0.0003822457
0.0002893179
0.0004942397
0.000769103
0.002890089
0.001581299
0.0003931132
0.001259683
0.001416914
0.002064189
0.002910613
0.003360346
0.003456267
0.002008759
0.002265231
0.0009659987
0.001294904
0.001029849
0.001465138
0.00273115
0.001644822
0.001285584
0.001592406
0.001083735
0.001570156
0.0008696725
0.0009148882
0.0008513011
0.0005739413
0.0009495725
0.001236265
0.001478831
0.004765868
0.001819434
0.002539256
0.00061041
0.00344888
0.001480351
0.003384059
0.002377775
0.005458111
0.001055991
0.001582998
0.004026124
0.002960178
0.0005481018
0.0002541902
0.001804959
0.0008960172
0.001653167
0.0001288094
0.0008572217
0.0008924942
0.001534504
0.0003806317
0.0004310085
0.0008376041
0.0009539976
0.001716905
0.0009407103
0.004111623
0.001253493
0.001676204
0.002671301
0.001155744
0.001199217
0.001301151
0.0006259682
0.002444216
0.004413735
0.002490338
0.002539314
0.001080343
0.0008532726
0.0006405522
0.0008284601
0.0004682365
0.0014329
0.0004276948
2.048641e-05
0.0007551966
0.001069402
0.0008478778
0.002293705
0.001780493
0.0006279255
0.0002004079
0.0009000928
0.0006690557
0.001133427
0.0002981808
0.0002771704
0.002283504
0.000949572
8.642868e-05
0.001375865
0.002672491
0.0003584725
0.002554679
0.001568038
0.0004625772
2.500342e-05
0.0002022553
0.0006437316
0.0003920547
1.127367e-05
0.002661305
0.001373458
0.002769464
0.0008095203
0.0004901206
3.72036e-05
0.0001934388
0.0004128467
0.002127011
3.127766e-05
0.0005046016
0.001327274
0.0002564411
0.0001738507
0.001555634
0.001191614
0.000934844
5.981003e-05
0.001434486
0.0005611334
0.0004904475
0.001059355
0.0003822457
0.0002893179
0.0004942397
0.000769103
0.002890089
0.001581299
0.0003931132
0.001259683
0.001416914
0.002064189
0.002910613
0.003360346
0.003456267
0.002008759
0.002265231
0.0009659987
0.001294904
0.001029849
0.001465138
0.00273115
0.001644822
0.001285584
0.001592406
0.001083735
0.001570156
0.0008696725
0.0009148882
0.0008513011
0.0005739413
0.0009495725
0.001236265
0.001478831
0.004765868
0.001819434
0.002539256
0.00061041
0.00344888
0.001480351
0.003384059
0.002377775
0.005458111
0.001055991
0.001582998
0.004026124
0.002960178
0.0005481018
0.0002541902
0.001804959
0.0008960172
0.001653167
0.0001288094
0.0008572217
0.0008924942
0.001534504
0.0003806317
0.0004310085
0.0008376041
0.0009539976
0.001716905
0.0009407103
0.004111623
0.001253493
0.001676204
0.002671301
0.001155744
0.001199217
0.001301151
0.0006259682
0.002444216
0.004413735
0.002490338
0.002539314
0.001489563
0.0007268399
0.001603196
0.002533211
0.001174695
0.003357293
0.0007190451
0.001583396
0.002930901
0.001734553
0.0009297271
0.003447581
0.00361637
0.0006950465
0.002633112
0.000625142
0.001080343
0.0008532726
0.0006405522
0.0008284601
0.0004682365
0.0014329
0.0004276948
2.048641e-05
0.0007551966
0.001069402
0.0008478778
0.002293705
0.001780493
0.0006279255
0.0002004079
0.0009000928
0.0006690557
0.001133427
0.0002981808
0.0002771704
0.002283504
0.000949572
8.642868e-05
0.001375865
0.002672491
0.0003584725
0.002554679
0.001568038
0.0004625772
2.500342e-05
0.0002022553
0.0006437316
0.0003920547
1.127367e-05
0.002661305
0.001373458
0.002769464
0.0008095203
0.0004901206
3.72036e-05
0.0001934388
0.0004128467
0.002127011
3.127766e-05
0.0005046016
0.001327274
0.0002564411
0.0001738507
0.001555634
0.001191614
0.000934844
5.981003e-05
0.001434486
0.0005611334
0.0004904475
0.001059355
0.0003822457
0.0002893179
0.0004942397
0.000769103
0.002890089
0.001581299
0.0003931132
0.001259683
0.0007710046
5.118707e-05
0.0002233522
0.0004105247
0.0004165579
0.0006456935
0.0006084934
0.003108063
6.949246e-05
0.0009397044
0.001338021
0.00035624
0.003160738
0.002196552
0.0002326379
0.0003872332
0.001416914
0.002064189
0.002910613
0.003360346
0.003456267
0.002008759
0.002265231
0.0009659987
0.001294904
0.001029849
0.001465138
0.00273115
0.001644822
0.001285584
0.001592406
0.001083735
0.001570156
0.0008696725
0.0009148882
0.0008513011
0.0005739413
0.0009495725
0.001236265
0.001478831
0.004765868
0.001819434
0.002539256
0.00061041
0.00344888
0.001480351
0.003384059
0.002377775
0.005458111
0.001055991
0.001582998
0.004026124
0.002960178
0.0005481018
0.0002541902
0.001804959
0.0008960172
0.001653167
0.0001288094
0.0008572217
0.0008924942
0.001534504
0.0003806317
0.0004310085
0.0008376041
0.0009539976
0.001716905
0.0009407103
0.004111623
0.001253493
0.001676204
0.002671301
0.001155744
0.001199217
0.001301151
0.0006259682
0.002444216
0.004413735
0.002490338
0.002539314
0.001489563
0.0007268399
0.001603196
0.002533211
0.001174695
0.003357293
0.0007190451
0.001583396
0.002930901
0.001734553
0.0009297271
0.003447581
0.00361637
0.0006950465
0.002633112
0.000625142
0.001080343
0.0008532726
0.0006405522
0.0008284601
0.0004682365
0.0014329
0.0004276948
2.048641e-05
0.0007551966
0.001069402
0.0008478778
0.002293705
0.001780493
0.0006279255
0.0002004079
0.0009000928
0.0006690557
0.001133427
0.0002981808
0.0002771704
0.002283504
0.000949572
8.642868e-05
0.001375865
0.002672491
0.0003584725
0.002554679
0.001568038
0.0004625772
2.500342e-05
0.0002022553
0.0006437316
0.0003920547
1.127367e-05
0.002661305
0.001373458
0.002769464
0.0008095203
0.0004901206
3.72036e-05
0.0001934388
0.0004128467
0.002127011
3.127766e-05
0.0005046016
0.001327274
0.0002564411
0.0001738507
0.001555634
0.001191614
0.000934844
5.981003e-05
0.001434486
0.0005611334
0.0004904475
0.001059355
0.0003822457
0.0002893179
0.0004942397
0.000769103
0.002890089
0.001581299
0.0003931132
0.001259683
0.0007710046
5.118707e-05
0.0002233522
0.0004105247
0.0004165579
0.0006456935
0.0006084934
0.003108063
6.949246e-05
0.0009397044
0.001338021
0.00035624
0.003160738
0.002196552
0.0002326379
0.0003872332
0.001416914
0.002064189
0.002910613
0.003360346
0.003456267
0.002008759
0.002265231
0.0009659987
0.001294904
0.001029849
0.001465138
0.00273115
0.001644822
0.001285584
0.001592406
0.001083735
0.001570156
0.0008696725
0.0009148882
0.0008513011
0.0005739413
0.0009495725
0.001236265
0.001478831
0.004765868
0.001819434
0.002539256
0.00061041
0.00344888
0.001480351
0.003384059
0.002377775
0.005458111
0.001055991
0.001582998
0.004026124
0.002960178
0.0005481018
0.0002541902
0.001804959
0.0008960172
0.001653167
0.0001288094
0.0008572217
0.0008924942
0.001534504
0.0003806317
0.0004310085
0.0008376041
0.0009539976
0.001716905
0.0009407103
0.004111623
0.001253493
0.001676204
0.002671301
0.001155744
0.001199217
0.001301151
0.0006259682
0.002444216
0.004413735
0.002490338
0.002539314
0.001489563
0.0007268399
0.001603196
0.002533211
0.001174695
0.003357293
0.0007190451
0.001583396
0.002930901
0.001734553
0.0009297271
0.003447581
0.00361637
0.0006950465
0.002633112
0.000625142
0.001080343
0.0008532726
0.0006405522
0.0008284601
0.0004682365
0.0014329
0.0004276948
2.048641e-05
0.0007551966
0.001069402
0.0008478778
0.002293705
0.001780493
0.0006279255
0.0002004079
0.0009000928
0.0006690557
0.001133427
0.0002981808
0.0002771704
0.002283504
0.000949572
8.642868e-05
0.001375865
0.002672491
0.0003584725
0.002554679
0.001568038
0.0004625772
2.500342e-05
0.0002022553
0.0006437316
0.0003920547
1.127367e-05
0.002661305
0.001373458
0.002769464
0.0008095203
0.0004901206
3.72036e-05
0.0001934388
0.0004128467
0.002127011
3.127766e-05
0.0005046016
0.001327274
0.0002564411
0.0001738507
0.001555634
0.001191614
0.000934844
5.981003e-05
0.001434486
0.0005611334
0.0004904475
0.001059355
0.0003822457
0.0002893179
0.0004942397
0.000769103
0.002890089
0.001581299
0.0003931132
0.001259683
0.0007710046
5.118707e-05
0.0002233522
0.0004105247
0.0004165579
0.0006456935
0.0006084934
0.003108063
6.949246e-05
0.0009397044
0.001338021
0.00035624
0.003160738
0.002196552
0.0002326379
0.0003872332
0.001416914
0.002064189
0.002910613
0.003360346
0.003456267
0.002008759
0.002265231
0.0009659987
0.001294904
0.001029849
0.001465138
0.00273115
0.001644822
0.001285584
0.001592406
0.001083735
0.001570156
0.0008696725
0.0009148882
0.0008513011
0.0005739413
0.0009495725
0.001236265
0.001478831
0.004765868
0.001819434
0.002539256
0.00061041
0.00344888
0.001480351
0.003384059
0.002377775
0.005458111
0.001055991
0.001582998
0.004026124
0.002960178
0.0005481018
0.0002541902
0.001804959
0.0008960172
0.001653167
0.0001288094
0.0008572217
0.0008924942
0.001534504
0.0003806317
0.0004310085
0.0008376041
0.0009539976
0.001716905
0.0009407103
0.004111623
0.001253493
0.001676204
0.002671301
0.001155744
0.001199217
0.001301151
0.0006259682
0.002444216
0.004413735
0.002490338
0.002539314
0.001489563
0.0007268399
0.001603196
0.002533211
0.001174695
0.003357293
0.0007190451
0.001583396
0.002930901
0.001734553
0.0009297271
0.003447581
0.00361637
0.0006950465
0.002633112
0.000625142
0.001416914
0.002064189
0.002910613
0.003360346
0.003456267
0.002008759
0.002265231
0.0009659987
0.001294904
0.001029849
0.001465138
0.00273115
0.001644822
0.001285584
0.001592406
0.001083735
0.001570156
0.0008696725
0.0009148882
0.0008513011
0.0005739413
0.0009495725
0.001236265
0.001478831
0.004765868
0.001819434
0.002539256
0.00061041
0.00344888
0.001480351
0.003384059
0.002377775
0.005458111
0.001055991
0.001582998
0.004026124
0.002960178
0.0005481018
0.0002541902
0.001804959
0.0008960172
0.001653167
0.0001288094
0.0008572217
0.0008924942
0.001534504
0.0003806317
0.0004310085
0.0008376041
0.0009539976
0.001716905
0.0009407103
0.004111623
0.001253493
0.001676204
0.002671301
0.001155744
0.001199217
0.001301151
0.0006259682
0.002444216
0.004413735
0.002490338
0.002539314
0.001489563
0.0007268399
0.001603196
0.002533211
0.001174695
0.003357293
0.0007190451
0.001583396
0.002930901
0.001734553
0.0009297271
0.003447581
0.00361637
0.0006950465
0.002633112
0.000625142
0.0004636376
0.002004037
0.003588736
0.001581222
0.003011788
0.003230856
0.001726535
0.001920074
0.0007845079
0.00128296
0.0008048938
0.004255478
0.001416914
0.002064189
0.002910613
0.003360346
0.003456267
0.002008759
0.002265231
0.0009659987
0.001294904
0.001029849
0.001465138
0.00273115
0.001644822
0.001285584
0.001592406
0.001083735
0.001570156
0.0008696725
0.0009148882
0.0008513011
0.0005739413
0.0009495725
0.001236265
0.001478831
0.004765868
0.001819434
0.002539256
0.00061041
0.00344888
0.001480351
0.003384059
0.002377775
0.005458111
0.001055991
0.001582998
0.004026124
0.002960178
0.0005481018
0.0002541902
0.001804959
0.0008960172
0.001653167
0.0001288094
0.0008572217
0.0008924942
0.001534504
0.0003806317
0.0004310085
0.0008376041
0.0009539976
0.001716905
0.0009407103
0.004111623
0.001253493
0.001676204
0.002671301
0.001155744
0.001199217
0.001301151
0.0006259682
0.002444216
0.004413735
0.002490338
0.002539314
0.001489563
0.0007268399
0.001603196
0.002533211
0.001174695
0.003357293
0.0007190451
0.001583396
0.002930901
0.001734553
0.0009297271
0.003447581
0.00361637
0.0006950465
0.002633112
0.000625142
0.0004636376
0.002004037
0.003588736
0.001581222
0.003011788
0.003230856
0.001726535
0.001920074
0.0007845079
0.00128296
0.0008048938
0.004255478
0.003936383
0.000445151
0.001500269
0.001416914
0.002064189
0.002910613
0.003360346
0.003456267
0.002008759
0.002265231
0.0009659987
0.001294904
0.001029849
0.001465138
0.00273115
0.001644822
0.001285584
0.001592406
0.001083735
0.001570156
0.0008696725
0.0009148882
0.0008513011
0.0005739413
0.0009495725
0.001236265
0.001478831
0.004765868
0.001819434
0.002539256
0.00061041
0.00344888
0.001480351
0.003384059
0.002377775
0.005458111
0.001055991
0.001582998
0.004026124
0.002960178
0.0005481018
0.0002541902
0.001804959
0.0008960172
0.001653167
0.0001288094
0.0008572217
0.0008924942
0.001534504
0.0003806317
0.0004310085
0.0008376041
0.0009539976
0.001716905
0.0009407103
0.004111623
0.001253493
0.001676204
0.002671301
0.001155744
0.001199217
0.001301151
0.0006259682
0.002444216
0.004413735
0.002490338
0.002539314
0.001489563
0.0007268399
0.001603196
0.002533211
0.001174695
0.003357293
0.0007190451
0.001583396
0.002930901
0.001734553
0.0009297271
0.003447581
0.00361637
0.0006950465
0.002633112
0.000625142
0.0004636376
0.002004037
0.003588736
0.001581222
0.003011788
0.003230856
0.001726535
0.001920074
0.0007845079
0.00128296
0.0008048938
0.004255478
0.003936383
0.000445151
0.001500269
0.003520498
0.003598917
0.002183744
0.001627052
0.003102267
0.001738952
0.002016397
0.0005588064
0.001625817
0.000798199
0.004186665
0.0007493004
0.002590737
0.0008762173
0.001008041
0.001490183
0.002824998
0.002163591
0.001595074
0.001771075
0.004752232
0.003108633
0.0004540481
0.002841207
0.002745275
0.001565143
0.002786492
0.003480443
0.002196821
0.001042927
0.003497041
0.001662405
0.00278734
0.003498672
0.002827789
0.00314217
0.001537696
0.00079884
0.002757504
0.005917043
0.001489244
0.001868491
0.001426655
0.0007063116
0.001570621
0.00102369
0.001279534
0.003142651
0.001577951
0.002279119
0.003249097
0.002999578
0.00295632
0.002336492
0.0005986121
0.001397012
0.001572305
0.005216862
0.002313239
0.003236921
0.0002334017
0.0008406398
0.0005784542
0.002490639
0.001586242
0.001423018
0.002953518
0.001455896
0.007120238
0.002381849
0.001895104
0.002148724
0.002297657
0.0009790522
0.001571054
0.002474115
0.002300991
0.0005198937
0.0009711191
0.001338194
0.0009335353
0.001292603
0.001264211
0.001441311
0.0007560051
0.002143314
0.001100602
0.002911001
0.001286665
0.004640848
0.001648391
0.003970595
0.001340292
0.001416914
0.002064189
0.002910613
0.003360346
0.003456267
0.002008759
0.002265231
0.0009659987
0.001294904
0.001029849
0.001465138
0.00273115
0.001644822
0.001285584
0.001592406
0.001083735
0.001570156
0.0008696725
0.0009148882
0.0008513011
0.0005739413
0.0009495725
0.001236265
0.001478831
0.004765868
0.001819434
0.002539256
0.00061041
0.00344888
0.001480351
0.003384059
0.002377775
0.005458111
0.001055991
0.001582998
0.004026124
0.002960178
0.0005481018
0.0002541902
0.001804959
0.0008960172
0.001653167
0.0001288094
0.0008572217
0.0008924942
0.001534504
0.0003806317
0.0004310085
0.0008376041
0.0009539976
0.001716905
0.0009407103
0.004111623
0.001253493
0.001676204
0.002671301
0.001155744
0.001199217
0.001301151
0.0006259682
0.002444216
0.004413735
0.002490338
0.002539314
0.001489563
0.0007268399
0.001603196
0.002533211
0.001174695
0.003357293
0.0007190451
0.001583396
0.002930901
0.001734553
0.0009297271
0.003447581
0.00361637
0.0006950465
0.002633112
0.000625142
0.0004636376
0.002004037
0.003588736
0.001581222
0.003011788
0.003230856
0.001726535
0.001920074
0.0007845079
0.00128296
0.0008048938
0.004255478
0.003936383
0.000445151
0.001500269
0.003520498
0.003598917
0.002183744
0.001627052
0.003102267
0.001738952
0.002016397
0.0005588064
0.001625817
0.000798199
0.004186665
0.0007493004
0.002590737
0.0008762173
0.001008041
0.001490183
0.002824998
0.002163591
0.001595074
0.001771075
0.004752232
0.003108633
0.0004540481
0.002841207
0.002745275
0.001565143
0.002786492
0.003480443
0.002196821
0.001042927
0.003497041
0.001662405
0.00278734
0.003498672
0.002827789
0.00314217
0.001537696
0.00079884
0.002757504
0.005917043
0.001489244
0.001868491
0.001426655
0.0007063116
0.001570621
0.00102369
0.001279534
0.003142651
0.001577951
0.002279119
0.003249097
0.002999578
0.00295632
0.002336492
0.0005986121
0.001397012
0.001572305
0.005216862
0.002313239
0.003236921
0.0002334017
0.0008406398
0.0005784542
0.002490639
0.001586242
0.001423018
0.002953518
0.001455896
0.007120238
0.002381849
0.001895104
0.002148724
0.002297657
0.0009790522
0.001571054
0.002474115
0.002300991
0.0005198937
0.0009711191
0.001338194
0.0009335353
0.001292603
0.001264211
0.001441311
0.0007560051
0.002143314
0.001100602
0.002911001
0.001286665
0.004640848
0.001648391
0.003970595
0.001340292
0.001416914
0.002064189
0.002910613
0.003360346
0.003456267
0.002008759
0.002265231
0.0009659987
0.001294904
0.001029849
0.001465138
0.00273115
0.001644822
0.001285584
0.001592406
0.001083735
0.001570156
0.0008696725
0.0009148882
0.0008513011
0.0005739413
0.0009495725
0.001236265
0.001478831
0.004765868
0.001819434
0.002539256
0.00061041
0.00344888
0.001480351
0.003384059
0.002377775
0.005458111
0.001055991
0.001582998
0.004026124
0.002960178
0.0005481018
0.0002541902
0.001804959
0.0008960172
0.001653167
0.0001288094
0.0008572217
0.0008924942
0.001534504
0.0003806317
0.0004310085
0.0008376041
0.0009539976
0.001716905
0.0009407103
0.004111623
0.001253493
0.001676204
0.002671301
0.001155744
0.001199217
0.001301151
0.0006259682
0.002444216
0.004413735
0.002490338
0.002539314
0.001489563
0.0007268399
0.001603196
0.002533211
0.001174695
0.003357293
0.0007190451
0.001583396
0.002930901
0.001734553
0.0009297271
0.003447581
0.00361637
0.0006950465
0.002633112
0.000625142
0.0004636376
0.002004037
0.003588736
0.001581222
0.003011788
0.003230856
0.001726535
0.001920074
0.0007845079
0.00128296
0.0008048938
0.004255478
0.003936383
0.000445151
0.001500269
0.003520498
0.003598917
0.002183744
0.001627052
0.003102267
0.001738952
0.002016397
0.0005588064
0.001625817
0.000798199
0.004186665
0.0007493004
0.002590737
0.0008762173
0.001008041
0.001490183
0.002824998
0.002163591
0.001595074
0.001771075
0.004752232
0.003108633
0.0004540481
0.002841207
0.002745275
0.001565143
0.002786492
0.003480443
0.002196821
0.001042927
0.003497041
0.001662405
0.00278734
0.003498672
0.002827789
0.00314217
0.001537696
0.00079884
0.002757504
0.005917043
0.001489244
0.001868491
0.001426655
0.0007063116
0.001570621
0.00102369
0.001279534
0.003142651
0.001577951
0.002279119
0.003249097
0.002999578
0.00295632
0.002336492
0.0005986121
0.001397012
0.001572305
0.005216862
0.002313239
0.003236921
0.0002334017
0.0008406398
0.0005784542
0.002490639
0.001586242
0.001423018
0.002953518
0.001455896
0.007120238
0.002381849
0.001895104
0.002148724
0.002297657
0.0009790522
0.001571054
0.002474115
0.002300991
0.0005198937
0.0009711191
0.001338194
0.0009335353
0.001292603
0.001264211
0.001441311
0.0007560051
0.002143314
0.001100602
0.002911001
0.001286665
0.004640848
0.001648391
0.003970595
0.001340292
0.001416914
0.002064189
0.002910613
0.003360346
0.003456267
0.002008759
0.002265231
0.0009659987
0.001294904
0.001029849
0.001465138
0.00273115
0.001644822
0.001285584
0.001592406
0.001083735
0.001570156
0.0008696725
0.0009148882
0.0008513011
0.0005739413
0.0009495725
0.001236265
0.001478831
0.004765868
0.001819434
0.002539256
0.00061041
0.00344888
0.001480351
0.003384059
0.002377775
0.005458111
0.001055991
0.001582998
0.004026124
0.002960178
0.0005481018
0.0002541902
0.001804959
0.0008960172
0.001653167
0.0001288094
0.0008572217
0.0008924942
0.001534504
0.0003806317
0.0004310085
0.0008376041
0.0009539976
0.001716905
0.0009407103
0.004111623
0.001253493
0.001676204
0.002671301
0.001155744
0.001199217
0.001301151
0.0006259682
0.002444216
0.004413735
0.002490338
0.002539314
0.001489563
0.0007268399
0.001603196
0.002533211
0.001174695
0.003357293
0.0007190451
0.001583396
0.002930901
0.001734553
0.0009297271
0.003447581
0.00361637
0.0006950465
0.002633112
0.000625142
0.0004636376
0.002004037
0.003588736
0.001581222
0.003011788
0.003230856
0.001726535
0.001920074
0.0007845079
0.00128296
0.0008048938
0.004255478
0.003936383
0.000445151
0.001500269
0.003520498
0.003598917
0.002183744
0.001627052
0.003102267
0.001738952
0.002016397
0.0005588064
0.001625817
0.000798199
0.004186665
0.0007493004
0.002590737
0.0008762173
0.001008041
0.001490183
0.002824998
0.002163591
0.001595074
0.001771075
0.004752232
0.003108633
0.0004540481
0.002841207
0.002745275
0.001565143
0.002786492
0.003480443
0.002196821
0.001042927
0.003497041
0.001662405
0.00278734
0.003498672
0.002827789
0.00314217
0.001537696
0.00079884
0.002757504
0.005917043
0.001489244
0.001868491
0.001426655
0.0007063116
0.001570621
0.00102369
0.001279534
0.003142651
0.001577951
0.002279119
0.003249097
0.002999578
0.00295632
0.002336492
0.0005986121
0.001397012
0.001572305
0.005216862
0.002313239
0.003236921
0.0002334017
0.0008406398
0.0005784542
0.002490639
0.001586242
0.001423018
0.002953518
0.001455896
0.007120238
0.002381849
0.001895104
0.002148724
0.002297657
0.0009790522
0.001571054
0.002474115
0.002300991
0.0005198937
0.0009711191
0.001338194
0.0009335353
0.001292603
0.001264211
0.001441311
0.0007560051
0.002143314
0.001100602
0.002911001
0.001286665
0.004640848
0.001648391
0.003970595
0.001340292
0.002837402
0.00167012
0.0009255329
0.003023088
