0.005498148
0.007971017
0.003204072
0.006980109
0.0007386419
0.0004793949
0.0004476654
0.0005655979
0.002655025
0.003197871
0
0.0001510308
0.000444097
0
0.002592654
0.005009344
0.0002923289
0.0001167661
6.14093e-05
0.002311802
0
0
0.0003512452
0.006833799
0.0008131263
0.005786368
0.001094878
0.00213194
0.001915552
0.004440162
0.003613788
0.0001416377
0.0004582748
0.001634275
0
0.0004805355
0.003441995
0.0004102041
0.000388367
0.004782511
0.004364437
0.005937996
0.002872779
0.008338623
0.001535825
0.0009393334
0.0002607071
0.002038126
6.505138e-05
5.914776e-05
0.0002323083
0.001177844
0.0003048363
0.001869694
0.004674598
0.0002650684
0.001729037
0.001213723
0
0.0006940746
0.000286433
0.00394397
0
0.002338152
0.0007324117
0.001439178
0.003257533
0.0002191019
0.00126702
0.003226049
0.0004890532
0.0009818497
0.00940854
0.002433997
0.001476381
0.0003842506
0.0001128264
0.003090903
0.001597389
0.003781289
0.003679053
0.004419866
0.0007548554
0.0003808542
0.0002035959
0.000860612
0
0.000231598
0
0.0005715898
0.003407314
0.0008656306
0.001567398
0.006226051
0.001608661
0.0009018089
0.003822473
0.003561754
0.001091784
6.145169e-05
0.0001915079
0.0007068992
0.0007394502
0.001074135
0.0003802652
0.002638109
0.0006696743
0
0.0006547194
8.929343e-05
0
0.00056994
2.605018e-05
0
0.0001051185
0.00138209
0.004436264
0.007837644
0.0001115331
3.751555e-05
0.0002716016
0.0009387324
0.0005520567
0
0.0002823505
0
0.0004697655
0.005544572
0.0009149215
0
0.0002254883
0.00160344
0.001299492
0.0002090112
0.00575433
0.006426545
0.0001283096
0
0.002573755
0.008061081
0.004720967
0.002018431
0.0001033831
0.004555515
0.0001598022
0.0001465334
0.0008260887
0.0004039915
0.009526157
0.00276385
0.0006608742
0.003125377
0.01099459
0.01380673
0.0008708101
0.0002370627
0.005055631
0.003210186
0.0005919388
9.670069e-05
0.0009236705
1.089819e-05
0.001510584
0
0.0005685807
0.001241406
0.0005292098
0.004660141
0.002029079
0.005067444
0.001671746
0.004173695
0.0002660216
0.0004370808
0.0007866565
0.0007074886
0.003612579
0.003500482
0.0001211637
0.00047374
0.001019727
0.0003215973
0.000261447
0.002146019
0
0.00793731
0.00591533
2.672135e-05
0.0007116702
0.0002931787
0.0005257221
9.094999e-05
0.0006712299
0.002174005
0.0009295704
0.003793433
0.001238307
0.002518756
0.0006388475
0.001095524
0
0.00343168
0
0.0005395466
0.0008600137
0
0.0005209404
9.145201e-05
0.001609295
0.001080616
0.001278125
0.0008053693
0.004134335
0.003505078
0
0.001830667
0
0
3.937008e-05
0
4.478166e-05
0.0002011359
5.327313e-05
0.0007315684
0.001284522
0.00390946
0.0002108332
0.000125934
0.002171736
0.0004112807
7.085874e-05
0.002276039
0.0005453486
0.001404392
0.001281246
7.857485e-05
0.000112814
0
0.0004883112
0.002064546
0.007498062
0.002513503
9.303776e-05
0.005044158
0.00622566
0.000453292
0.001009867
0.0002803134
0.002936407
0.003157149
0.003555939
0.001356332
0.002949527
0.0005854817
5.292407e-05
0.0002428545
0.000286522
0.0009504837
0.002350808
0.001284949
0.003951251
0.003533339
0.003009535
0.004089249
0
0
0.0003061104
0.00345509
0.0009420161
0.0004200487
0
0
0.004633177
0.001445539
0
0.0002090914
0.0001518335
0
0.00381712
0.006369481
0
5.49989e-05
0.0003609692
0.0001323443
0.0002084013
0.0008949188
0.0007257255
0.0007686388
2.701984e-05
2.385211e-05
0.0005669442
0.00743072
0.0008720367
0.004261337
0.002479682
0.003799746
0.0001364572
9.45983e-05
0
0.004486271
4.195638e-05
0.003934834
0.0002452604
1.333591e-05
0
0.0001314039
0.003693358
0.003892231
0.000648609
0.0002605686
0.003995343
0.000784224
0.002343267
0.002799284
0.001498837
0.003862103
0
0.004613925
0.0001334908
0.0001185295
6.502274e-05
0
0.0001737707
0.0005144333
0.001846309
0.001919434
0.0004345986
0.002121978
0.001357226
0.001975923
0.002721122
0.003932232
0
9.980825e-05
0.005765924
0.001019562
1.465032e-05
8.073396e-05
0.002683012
0.002188655
0.001077113
0.0001042641
0.003631527
0
0.0008251157
0.0002757475
0.000170101
0.0009587059
0.00114636
0.001026109
0
0
0
0.001585304
0.002581549
0.004299962
0.008820099
0.00533658
0.001243889
0.0002906551
0.0004892583
6.895685e-05
0.0005729678
0.002671651
0.000671551
0.001041502
0.004838089
0.004268013
1.086981e-05
0.002406841
0.0005498356
0.001033605
0.006951948
0.003392606
0
0.007582786
0.0002455792
0.006181729
0.001734864
0.003874416
0.000227272
0.0005076084
0
0.0006979217
5.475453e-05
0.0001776489
0.0007612086
0.0003923588
0.0005587884
0.002521525
9.936926e-05
0.004509964
0
0.0001832229
0
0
0.000934522
0.002807197
0.0001648314
0.002611466
0
0.001072024
0.000318983
0.001194702
0.0007781281
0.0003205145
5.475453e-05
0.0001776489
0.0007612086
0.0003923588
0.0005587884
0.002521525
9.936926e-05
0.004509964
0
0.0001832229
0
0
0.000934522
0.002807197
0.0001648314
0.002611466
0
0.001072024
0.000318983
0.001194702
0.0007781281
0.0003205145
0.001455687
0.00127211
0.0005262835
0.00109507
0.00105
0.01476553
0.004396259
0.002752948
0.001829944
0.0008852864
0.001998823
0.002349539
5.502151e-05
0.01215831
0.001025626
0.004989129
0.001514548
0.002335093
2.455092e-05
0.000533379
0.0003040685
0
0
0.0009940371
0.002920283
0.0010957
0
0.000984061
0.003043405
0.00373254
4.737291e-05
0.005100497
0.0005433518
0.002634361
0.003317619
0.0004346704
0.004049664
0.0007577025
0
0.0001105519
0.000239192
0.0002069331
0.0002822324
0.001103341
0.007605842
9.215857e-05
0.01102022
0.003030949
0
0.004206028
0.0002866206
0.001712995
0.002825879
0
0.0001658158
0.001942519
0.0008222278
0.000973552
0.001768242
0.003712352
0.003529675
0.006709819
0.0005384839
0.0008013773
0.01041501
0.001407086
0.001893153
0.0008469661
0.001950817
0.0001783295
0.004025786
0.002216763
0.001112562
0.0001256459
0.0009788327
0.0008182256
0.003275073
0.001958121
0.001041104
0.002610866
0.002821422
0.001850048
0
0.001160227
0.00168382
0.003018907
0
0
0.008780992
0.006286972
0.0001669517
0.0007395237
0.002033562
0.001246205
0.002421646
0.002155872
0.003722166
0.001038432
0.003673279
0.0006103763
0.001846157
0.001247307
0
0.003804747
0.0008933316
0
0.0008388625
0.008950584
0.001972421
0.00886755
6.773766e-05
0.0007402186
0.005906138
0.003058528
1.068373e-05
0.0004213716
1.840646e-05
0.0003048895
0.0003976082
0.008697984
0.0006618004
0.01818136
0.0002172931
0.0001284758
0.0006936765
0.008707694
0.002647326
0.002441855
0.001843366
0.008771454
0
0.00110714
0.004386936
0.001748676
0
0
0.005167839
0.002988084
0.004425503
7.663766e-06
0
0.001701312
4.593697e-05
1.350504e-05
0.0009802234
0.000723822
0.003045004
0.002519262
0.001252715
0.002169155
0.006899875
0
0.00260917
0.001405246
3.592483e-05
0
0.006364269
0.0002225958
1.45103e-05
0.0008284473
0.002414994
0.002610075
0
0.003868049
0.004684768
0.002246089
0.005639549
0.002945742
0.007229229
0.005257937
0
0.0004137204
0.0001021819
0.0001188399
0.001155839
3.86854e-05
0.0002847729
0.0001633254
0.0001559763
0.0003862396
0
0.0009735217
0.001334747
0.0008814272
0
0.0001212149
0.0007830751
0.008244003
0.004758958
0.002632968
0.006080873
0.001101533
0.001084095
0.005564719
0.007206018
0.005095499
0.001297585
0.005534737
0.001060785
0.009045273
0.0002513491
0.003315732
0.0001072596
3.975152e-05
0.001028197
0.004572567
9.412096e-07
0.007316832
0.0001639406
0.00235774
0.001982409
0.001308003
0.0003877839
0.001827827
0.003152596
0.0002301396
0.003113258
0.0004033858
0.003173815
0.004622966
0.0003490146
0
0.0003762019
0.0006653966
0
0.001672211
0
0.001603901
3.297849e-05
0
0.002243329
0.0007827432
0.006465994
0.00135642
0.0006202043
0.007833245
0.001765793
0
0.004714773
0.007658672
8.065196e-05
0.003279739
0.0008016493
0.002263044
0.0003595245
0.0003997932
0.002089205
0.001935223
6.280841e-05
4.45141e-05
0.003747254
0.0006772985
0.0009380035
0.003996895
0.0001350244
0.0001937018
0.000587963
0.001807793
0.001986687
0.005521068
0.005143626
0.002344429
0.003971699
0
4.020628e-05
0
0
0.0005405528
0.0007850046
0
0.0001251732
0.0002246578
0.001165224
0.002047711
0.0004444382
0.002033589
0.0001755993
0.0002236741
0.001315423
0.0004411585
0.005412148
0.0007240476
9.241875e-05
0.000131144
3.600483e-05
0.0003560868
0
0.004998008
0.01197706
0.001032102
0.0001714692
0.01109467
0.003341892
0.01006916
0.003385422
0.0004242021
0
0
3.132532e-06
0
0.0004428738
0.0004256421
0.004890944
0.008906422
0.004027418
0.004563462
0.0007904257
0
0.002103585
0
0
9.625999e-05
0.007265654
0.001900776
0.001349441
0.001600693
0
0.00155682
0.0008541356
0.0002621675
0
0.002482756
0
0
0.005498148
0.007971017
0.003204072
0.006980109
0.0007386419
0.0004793949
0.0004476654
0.0005655979
0.002655025
0.003197871
0
0.0001510308
0.000444097
0
0.002592654
0.005009344
0.0002923289
0.0001167661
6.14093e-05
0.002311802
0
0
0.0003512452
0.006833799
0.0008131263
0.005786368
0.001094878
0.00213194
0.001915552
0.004440162
0.003613788
0.0001416377
0.0004582748
0.001634275
0
0.0004805355
0.003441995
0.0004102041
0.000388367
0.004782511
0.004364437
0.005937996
0.002872779
0.008338623
0.001535825
0.0009393334
0.0002607071
0.002038126
6.505138e-05
5.914776e-05
0.0002323083
0.001177844
0.0003048363
0.001869694
0.004674598
0.0002650684
0.001729037
0.001213723
0
0.0006940746
0.000286433
0.00394397
0
0.002338152
0.0007324117
0.001439178
0.003257533
0.0002191019
0.00126702
0.003226049
0.0004890532
0.0009818497
0.00940854
0.002433997
0.001476381
0.0003842506
0.0001128264
0.003090903
0.001597389
0.003781289
0.003679053
0.004419866
0.0007548554
0.0003808542
0.0002035959
0.000860612
0
0.000231598
0
0.0005715898
0.003407314
0.0008656306
0.001567398
0.006226051
0.001608661
0.0009018089
0.003822473
0.003561754
0.001091784
6.145169e-05
0.0001915079
0.0007068992
0.0007394502
0.001074135
0.0003802652
0.002638109
0.0006696743
0
0.0006547194
8.929343e-05
0
0.00056994
2.605018e-05
0
0.0001051185
0.00138209
0.004436264
0.007837644
0.0001115331
3.751555e-05
0.0002716016
0.0009387324
0.0005520567
0
0.0002823505
0
0.0004697655
0.005544572
0.0009149215
0
0.0002254883
0.00160344
0.001299492
0.0002090112
0.00575433
0.006426545
0.0001283096
0
0.002573755
0.008061081
0.004720967
0.002018431
0.0001033831
0.004555515
0.0001598022
0.0001465334
0.0008260887
0.0004039915
0.009526157
0.00276385
0.0006608742
0.003125377
0.01099459
0.01380673
0.0008708101
0.0002370627
0.005055631
0.003210186
0.0005919388
9.670069e-05
0.0009236705
1.089819e-05
0.001510584
0
0.0005685807
0.001241406
0.0005292098
0.004660141
0.002029079
0.005067444
0.001671746
0.004173695
0.0002660216
0.0004370808
0.0007866565
0.0007074886
0.003612579
0.003500482
0.0001211637
0.00047374
0.001019727
0.0003215973
0.000261447
0.002146019
0
0.00793731
0.00591533
2.672135e-05
0.0007116702
0.0002931787
0.0005257221
9.094999e-05
0.0006712299
0.002174005
0.0009295704
0.003793433
0.001238307
0.002518756
0.0006388475
0.001095524
0
0.00343168
0
0.0005395466
0.0008600137
0
0.0005209404
9.145201e-05
0.001609295
0.001080616
0.001278125
0.0008053693
0.004134335
0.003505078
0
0.001830667
0
0
3.937008e-05
0
4.478166e-05
0.0002011359
5.327313e-05
0.0007315684
0.001284522
0.00390946
0.0002108332
0.000125934
0.002171736
0.0004112807
7.085874e-05
0.002276039
0.0005453486
0.001404392
0.001281246
7.857485e-05
0.000112814
0
0.0004883112
0.002064546
0.007498062
0.002513503
9.303776e-05
0.005044158
0.00622566
0.000453292
0.001009867
0.0002803134
0.002936407
0.003157149
0.003555939
0.001356332
0.002949527
0.0005854817
5.292407e-05
0.0002428545
0.000286522
0.0009504837
0.002350808
0.001284949
0.003951251
0.003533339
0.003009535
0.004089249
0
0
0.0003061104
0.00345509
0.0009420161
0.0004200487
0
0
0.004633177
0.001445539
0
0.0002090914
0.0001518335
0
0.00381712
0.006369481
0
5.49989e-05
0.0003609692
0.0001323443
0.0002084013
0.0008949188
0.0007257255
0.0007686388
2.701984e-05
2.385211e-05
0.0005669442
0.00743072
0.0008720367
0.004261337
0.002479682
0.003799746
0.0001364572
9.45983e-05
0
0.004486271
4.195638e-05
0.003934834
0.0002452604
1.333591e-05
0
0.0001314039
0.003693358
0.003892231
0.000648609
0.0002605686
0.003995343
0.000784224
0.002343267
0.002799284
0.001498837
0.003862103
0
0.004613925
0.0001334908
0.0001185295
6.502274e-05
0
0.0001737707
0.0005144333
0.001846309
0.001919434
0.0004345986
0.002121978
0.001357226
0.001975923
0.002721122
0.003932232
0
9.980825e-05
0.005765924
0.001019562
1.465032e-05
8.073396e-05
0.002683012
0.002188655
0.001077113
0.0001042641
0.003631527
0
0.0008251157
0.0002757475
0.000170101
0.0009587059
0.00114636
0.001026109
0
0
0
0.001585304
0.002581549
0.004299962
0.008820099
0.00533658
0.001243889
0.0002906551
0.0004892583
6.895685e-05
0.0005729678
0.002671651
0.000671551
0.001041502
0.004838089
0.004268013
1.086981e-05
0.002406841
0.0005498356
0.001033605
0.006951948
0.003392606
0
0.007582786
0.0002455792
0.006181729
0.001734864
0.003874416
0.000227272
0.0005076084
0
0.0006979217
5.475453e-05
0.0001776489
0.0007612086
0.0003923588
0.0005587884
0.002521525
9.936926e-05
0.004509964
0
0.0001832229
0
0
0.000934522
0.002807197
0.0001648314
0.002611466
0
0.001072024
0.000318983
0.001194702
0.0007781281
0.0003205145
5.475453e-05
0.0001776489
0.0007612086
0.0003923588
0.0005587884
0.002521525
9.936926e-05
0.004509964
0
0.0001832229
0
0
0.000934522
0.002807197
0.0001648314
0.002611466
0
0.001072024
0.000318983
0.001194702
0.0007781281
0.0003205145
0.001455687
0.00127211
0.0005262835
0.00109507
0.00105
0.01476553
0.004396259
0.002752948
0.001829944
0.0008852864
0.001998823
0.002349539
5.502151e-05
0.01215831
0.001025626
0.004989129
0.001514548
0.002335093
2.455092e-05
0.000533379
0.0003040685
0
0
0.0009940371
0.002920283
0.0010957
0
0.000984061
0.003043405
0.00373254
4.737291e-05
0.005100497
0.0005433518
0.002634361
0.003317619
0.0004346704
0.004049664
0.0007577025
0
0.0001105519
0.000239192
0.0002069331
0.0002822324
0.001103341
0.007605842
9.215857e-05
0.01102022
0.003030949
0
0.004206028
0.0002866206
0.001712995
0.002825879
0
0.0001658158
0.001942519
0.0008222278
0.000973552
0.001768242
0.003712352
0.003529675
0.006709819
0.0005384839
0.0008013773
0.01041501
0.001407086
0.001893153
0.0008469661
0.001950817
0.0001783295
0.004025786
0.002216763
0.001112562
0.0001256459
0.0009788327
0.0008182256
0.003275073
0.001958121
0.001041104
0.002610866
0.002821422
0.001850048
0
0.001160227
0.00168382
0.003018907
0
0
0.008780992
0.006286972
0.0001669517
0.0007395237
0.002033562
0.001246205
0.002421646
0.002155872
0.003722166
0.001038432
0.003673279
0.0006103763
0.001846157
0.001247307
0
0.003804747
0.0008933316
0
0.0008388625
0.008950584
0.001972421
0.00886755
6.773766e-05
0.0007402186
0.005906138
0.003058528
1.068373e-05
0.0004213716
1.840646e-05
0.0003048895
0.0003976082
0.008697984
0.0006618004
0.01818136
0.0002172931
0.0001284758
0.0006936765
0.008707694
0.002647326
0.002441855
0.001843366
0.008771454
0
0.00110714
0.004386936
0.001748676
0
0
0.005167839
0.002988084
0.004425503
7.663766e-06
0
0.001701312
4.593697e-05
1.350504e-05
0.0009802234
0.000723822
0.003045004
0.002519262
0.001252715
0.002169155
0.006899875
0
0.00260917
0.001405246
3.592483e-05
0
0.006364269
0.0002225958
1.45103e-05
0.0008284473
0.002414994
0.002610075
0
0.003868049
0.004684768
0.002246089
0.005639549
0.002945742
0.007229229
0.005257937
0
0.0004137204
0.0001021819
0.0001188399
0.001155839
3.86854e-05
0.0002847729
0.0001633254
0.0001559763
0.0003862396
0
0.0009735217
0.001334747
0.0008814272
0
0.0001212149
0.0007830751
0.008244003
0.004758958
0.002632968
0.006080873
0.001101533
0.001084095
0.005564719
0.007206018
0.005095499
0.001297585
0.005534737
0.001060785
0.009045273
0.0002513491
0.003315732
0.0001072596
3.975152e-05
0.001028197
0.004572567
9.412096e-07
0.007316832
0.0001639406
0.00235774
0.001982409
0.001308003
0.0003877839
0.001827827
0.003152596
0.0002301396
0.003113258
0.0004033858
0.003173815
0.004622966
0.0003490146
0
0.0003762019
0.0006653966
0
0.001672211
0
0.001603901
3.297849e-05
0
0.002243329
0.0007827432
0.006465994
0.00135642
0.0006202043
0.007833245
0.001765793
0
0.004714773
0.007658672
8.065196e-05
0.003279739
0.0008016493
0.002263044
0.0003595245
0.0003997932
0.002089205
0.001935223
6.280841e-05
4.45141e-05
0.003747254
0.0006772985
0.0009380035
0.003996895
0.0001350244
0.0001937018
0.000587963
0.001807793
0.001986687
0.005521068
0.005143626
0.002344429
0.003971699
0
4.020628e-05
0
0
0.0005405528
0.0007850046
0
0.0001251732
0.0002246578
0.001165224
0.002047711
0.0004444382
0.002033589
0.0001755993
0.0002236741
0.001315423
0.0004411585
0.005412148
0.0007240476
9.241875e-05
0.000131144
3.600483e-05
0.0003560868
0
0.004998008
0.01197706
0.001032102
0.0001714692
0.01109467
0.003341892
0.01006916
0.003385422
0.0004242021
0
0
3.132532e-06
0
0.0004428738
0.0004256421
0.004890944
0.008906422
0.004027418
0.004563462
0.0007904257
0
0.002103585
0
0
9.625999e-05
0.007265654
0.001900776
0.001349441
0.001600693
0
0.00155682
0.0008541356
0.0002621675
0
0.002482756
0
0
0
0.0005405528
0.0007850046
0
0.0001251732
0.0002246578
0.001165224
0.002047711
0.0004444382
0.002033589
0.0001755993
0.0002236741
0.001315423
0.0004411585
0.005412148
0.0007240476
9.241875e-05
0.000131144
3.600483e-05
0.0003560868
0
0.004998008
0.01197706
0.001032102
0.0001714692
0.01109467
0.003341892
0.01006916
0.003385422
0.0004242021
0
0
3.132532e-06
0
0.0004428738
0.0004256421
0.004890944
0.008906422
0.004027418
0.004563462
0.0007904257
0
0.002103585
0
0
9.625999e-05
0.007265654
0.001900776
0.001349441
0.001600693
0
0.00155682
0.0008541356
0.0002621675
0
0.002482756
0
0
0.0005360088
0.001613063
0.004764719
0.003872938
0.0001851915
0.002212389
0.001923339
0.001554018
0.0002614937
0.003583514
0.002397333
0.0006923719
0
0.0002395455
0.0009682745
0.004053023
0.0001392858
0.001807258
0.0003530967
0.001143928
0.006371091
0.002974599
0.008620608
0.002005201
0.006023263
0.0003183965
0.008837065
0.004473906
0.001795061
0.0007489434
0.001073962
0.0002993862
0.001309319
0.002113179
0.00300496
0.0002447506
0.004315759
0.001985659
0.0001336529
8.513559e-05
0.0003089428
0.005795358
0
3.657268e-05
0.001213283
0.00253922
0.006267969
0.00464229
9.56601e-05
0.0006294837
0.0009182386
0.003141924
0.00147338
0.005444847
0.0003522447
1.886292e-05
7.817314e-05
0.004598517
9.860899e-05
0.0001798425
0.0002326806
0.0002147593
0.0004786588
0.0004360595
0.005091012
0.005535595
0.002321804
0.002766207
0
0.0003983027
0.0007879573
0
0.00717341
0.001309705
0.006343058
0.001374101
0.002334664
0.003770533
0
1.070201e-05
0.002204866
0.007236068
0.007112922
0.002631641
0
0.0001760268
0.004809273
0
0
0.000145249
0.0009472298
0.001857325
0.0001247614
0.00221732
0.002619157
9.29016e-05
0.0008152754
3.412917e-05
0.007004888
0.01013874
0.001001239
0.002551725
0.002295352
0.0005161265
0.001916154
0.0009901554
2.307331e-05
0.003510949
0.0006035099
0.0008459731
0.001307128
0.008370519
0
0.001436175
0.004563712
0.0002656083
0
0.01056318
0.0005981507
0.0002937047
0.003104709
0.005054305
0
0.004051051
0.0005687114
0.0001804411
0.0004530577
0.0002417833
0
8.081165e-05
0.002242827
0.001563337
0.0008431014
0.001306444
0
0.0003815826
0.000471086
0.003473861
0.0007359027
0.005278514
0.0001680664
0.0002045669
0.0001753453
0.0001333105
0.0007908043
4.574909e-05
3.620445e-05
0
0.0001506305
0.0001423227
0.0002167719
0.0002003903
0.004393652
3.392368e-05
0.001319166
0.002284621
5.557604e-05
0.00281887
0.000106859
3.385738e-05
0.005502019
0.003119393
0.001228083
1.045826e-05
5.529905e-06
0
0.0003066057
6.393299e-05
0.0001613755
0.000128962
0.0004499033
0.003723933
0.003765406
0.001607223
0.00527561
0.003194754
0.0003860723
0.0002911521
0.0009479484
0.0004530662
0.004117808
0.004417008
0.002764758
0.001466385
0.002143334
9.845444e-05
0.004426925
0.007843724
4.916443e-05
0.0009130636
0.0001612588
0.0009110916
0
0.002659955
0
0
9.322831e-05
0
0.003776962
0.00376747
0
0
0
0.001775199
0.0001248517
0.007946252
0.0001001667
0.002094839
0.000835128
0.0005586251
0.0008233336
0.001980214
3.101892e-06
0.0005201788
0.0001368761
0.0007601631
0.00375281
4.184938e-05
0.003966642
0.0009244461
0.005902398
0.00262465
0.0005040152
0.003364593
0.0002025424
2.583166e-05
0.0004847423
0.001884038
0.005014771
0.0002647484
0.001213588
0.002083465
0.003393795
0
0
0.002973159
0.001212359
0
0.002033353
0.003699763
0.0003582789
0
0.003349241
0.0001778726
0.001547518
0.001812903
0.0001576735
0.0002885419
0.002577552
0
0.004610747
0.0004446133
0.0007922097
0.000277806
0.0003594199
0.006870755
7.360167e-05
0.002151149
0.002510087
0.005253342
0.001343679
0
0.0007636318
0
0.0009083774
0.006116802
0.001779379
0.0009249468
0.001368733
0.001099035
0.004022337
0.0004187584
0.0008004408
0.0002506255
0.001475222
0
0.001318154
0.001907778
0.005498148
0.007971017
0.003204072
0.006980109
0.0007386419
0.0004793949
0.0004476654
0.0005655979
0.002655025
0.003197871
0
0.0001510308
0.000444097
0
0.002592654
0.005009344
0.0002923289
0.0001167661
6.14093e-05
0.002311802
0
0
0.0003512452
0.006833799
0.0008131263
0.005786368
0.001094878
0.00213194
0.001915552
0.004440162
0.003613788
0.0001416377
0.0004582748
0.001634275
0
0.0004805355
0.003441995
0.0004102041
0.000388367
0.004782511
0.004364437
0.005937996
0.002872779
0.008338623
0.001535825
0.0009393334
0.0002607071
0.002038126
6.505138e-05
5.914776e-05
0.0002323083
0.001177844
0.0003048363
0.001869694
0.004674598
0.0002650684
0.001729037
0.001213723
0
0.0006940746
0.000286433
0.00394397
0
0.002338152
0.0007324117
0.001439178
0.003257533
0.0002191019
0.00126702
0.003226049
0.0004890532
0.0009818497
0.00940854
0.002433997
0.001476381
0.0003842506
0.0001128264
0.003090903
0.001597389
0.003781289
0.003679053
0.004419866
0.0007548554
0.0003808542
0.0002035959
0.000860612
0
0.000231598
0
0.0005715898
0.003407314
0.0008656306
0.001567398
0.006226051
0.001608661
0.0009018089
0.003822473
0.003561754
0.001091784
6.145169e-05
0.0001915079
0.0007068992
0.0007394502
0.001074135
0.0003802652
0.002638109
0.0006696743
0
0.0006547194
8.929343e-05
0
0.00056994
2.605018e-05
0
0.0001051185
0.00138209
0.004436264
0.007837644
0.0001115331
3.751555e-05
0.0002716016
0.0009387324
0.0005520567
0
0.0002823505
0
0.0004697655
0.005544572
0.0009149215
0
0.0002254883
0.00160344
0.001299492
0.0002090112
0.00575433
0.006426545
0.0001283096
0
0.002573755
0.008061081
0.004720967
0.002018431
0.0001033831
0.004555515
0.0001598022
0.0001465334
0.0008260887
0.0004039915
0.009526157
0.00276385
0.0006608742
0.003125377
0.01099459
0.01380673
0.0008708101
0.0002370627
0.005055631
0.003210186
0.0005919388
9.670069e-05
0.0009236705
1.089819e-05
0.001510584
0
0.0005685807
0.001241406
0.0005292098
0.004660141
0.002029079
0.005067444
0.001671746
0.004173695
0.0002660216
0.0004370808
0.0007866565
0.0007074886
0.003612579
0.003500482
0.0001211637
0.00047374
0.001019727
0.0003215973
0.000261447
0.002146019
0
0.00793731
0.00591533
2.672135e-05
0.0007116702
0.0002931787
0.0005257221
9.094999e-05
0.0006712299
0.002174005
0.0009295704
0.003793433
0.001238307
0.002518756
0.0006388475
0.001095524
0
0.00343168
0
0.0005395466
0.0008600137
0
0.0005209404
9.145201e-05
0.001609295
0.001080616
0.001278125
0.0008053693
0.004134335
0.003505078
0
0.001830667
0
0
3.937008e-05
0
4.478166e-05
0.0002011359
5.327313e-05
0.0007315684
0.001284522
0.00390946
0.0002108332
0.000125934
0.002171736
0.0004112807
7.085874e-05
0.002276039
0.0005453486
0.001404392
0.001281246
7.857485e-05
0.000112814
0
0.0004883112
0.002064546
0.007498062
0.002513503
9.303776e-05
0.005044158
0.00622566
0.000453292
0.001009867
0.0002803134
0.002936407
0.003157149
0.003555939
0.001356332
0.002949527
0.0005854817
5.292407e-05
0.0002428545
0.000286522
0.0009504837
0.002350808
0.001284949
0.003951251
0.003533339
0.003009535
0.004089249
0
0
0.0003061104
0.00345509
0.0009420161
0.0004200487
0
0
0.004633177
0.001445539
0
0.0002090914
0.0001518335
0
0.00381712
0.006369481
0
5.49989e-05
0.0003609692
0.0001323443
0.0002084013
0.0008949188
0.0007257255
0.0007686388
2.701984e-05
2.385211e-05
0.0005669442
0.00743072
0.0008720367
0.004261337
0.002479682
0.003799746
0.0001364572
9.45983e-05
0
0.004486271
4.195638e-05
0.003934834
0.0002452604
1.333591e-05
0
0.0001314039
0.003693358
0.003892231
0.000648609
0.0002605686
0.003995343
0.000784224
0.002343267
0.002799284
0.001498837
0.003862103
0
0.004613925
0.0001334908
0.0001185295
6.502274e-05
0
0.0001737707
0.0005144333
0.001846309
0.001919434
0.0004345986
0.002121978
0.001357226
0.001975923
0.002721122
0.003932232
0
9.980825e-05
0.005765924
0.001019562
1.465032e-05
8.073396e-05
0.002683012
0.002188655
0.001077113
0.0001042641
0.003631527
0
0.0008251157
0.0002757475
0.000170101
0.0009587059
0.00114636
0.001026109
0
0
0
0.001585304
0.002581549
0.004299962
0.008820099
0.00533658
0.001243889
0.0002906551
0.0004892583
6.895685e-05
0.0005729678
0.002671651
0.000671551
0.001041502
0.004838089
0.004268013
1.086981e-05
0.002406841
0.0005498356
0.001033605
0.006951948
0.003392606
0
0.007582786
0.0002455792
0.006181729
0.001734864
0.003874416
0.000227272
0.0005076084
0
0.0006979217
5.475453e-05
0.0001776489
0.0007612086
0.0003923588
0.0005587884
0.002521525
9.936926e-05
0.004509964
0
0.0001832229
0
0
0.000934522
0.002807197
0.0001648314
0.002611466
0
0.001072024
0.000318983
0.001194702
0.0007781281
0.0003205145
5.475453e-05
0.0001776489
0.0007612086
0.0003923588
0.0005587884
0.002521525
9.936926e-05
0.004509964
0
0.0001832229
0
0
0.000934522
0.002807197
0.0001648314
0.002611466
0
0.001072024
0.000318983
0.001194702
0.0007781281
0.0003205145
0.001455687
0.00127211
0.0005262835
0.00109507
0.00105
0.01476553
0.004396259
0.002752948
0.001829944
0.0008852864
0.001998823
0.002349539
5.502151e-05
0.01215831
0.001025626
0.004989129
0.001514548
0.002335093
2.455092e-05
0.000533379
0.0003040685
0
0
0.0009940371
0.002920283
0.0010957
0
0.000984061
0.003043405
0.00373254
4.737291e-05
0.005100497
0.0005433518
0.002634361
0.003317619
0.0004346704
0.004049664
0.0007577025
0
0.0001105519
0.000239192
0.0002069331
0.0002822324
0.001103341
0.007605842
9.215857e-05
0.01102022
0.003030949
0
0.004206028
0.0002866206
0.001712995
0.002825879
0
0.0001658158
0.001942519
0.0008222278
0.000973552
0.001768242
0.003712352
0.003529675
0.006709819
0.0005384839
0.0008013773
0.01041501
0.001407086
0.001893153
0.0008469661
0.001950817
0.0001783295
0.004025786
0.002216763
0.001112562
0.0001256459
0.0009788327
0.0008182256
0.003275073
0.001958121
0.001041104
0.002610866
0.002821422
0.001850048
0
0.001160227
0.00168382
0.003018907
0
0
0.008780992
0.006286972
0.0001669517
0.0007395237
0.002033562
0.001246205
0.002421646
0.002155872
0.003722166
0.001038432
0.003673279
0.0006103763
0.001846157
0.001247307
0
0.003804747
0.0008933316
0
0.0008388625
0.008950584
0.001972421
0.00886755
6.773766e-05
0.0007402186
0.005906138
0.003058528
1.068373e-05
0.0004213716
1.840646e-05
0.0003048895
0.0003976082
0.008697984
0.0006618004
0.01818136
0.0002172931
0.0001284758
0.0006936765
0.008707694
0.002647326
0.002441855
0.001843366
0.008771454
0
0.00110714
0.004386936
0.001748676
0
0
0.005167839
0.002988084
0.004425503
7.663766e-06
0
0.001701312
4.593697e-05
1.350504e-05
0.0009802234
0.000723822
0.003045004
0.002519262
0.001252715
0.002169155
0.006899875
0
0.00260917
0.001405246
3.592483e-05
0
0.006364269
0.0002225958
1.45103e-05
0.0008284473
0.002414994
0.002610075
0
0.003868049
0.004684768
0.002246089
0.005639549
0.002945742
0.007229229
0.005257937
0
0.0004137204
0.0001021819
0.0001188399
0.001155839
3.86854e-05
0.0002847729
0.0001633254
0.0001559763
0.0003862396
0
0.0009735217
0.001334747
0.0008814272
0
0.0001212149
0.0007830751
0.008244003
0.004758958
0.002632968
0.006080873
0.001101533
0.001084095
0.005564719
0.007206018
0.005095499
0.001297585
0.005534737
0.001060785
0.009045273
0.0002513491
0.003315732
0.0001072596
3.975152e-05
0.001028197
0.004572567
9.412096e-07
0.007316832
0.0001639406
0.00235774
0.001982409
0.001308003
0.0003877839
0.001827827
0.003152596
0.0002301396
0.003113258
0.0004033858
0.003173815
0.004622966
0.0003490146
0
0.0003762019
0.0006653966
0
0.001672211
0
0.001603901
3.297849e-05
0
0.002243329
0.0007827432
0.006465994
0.00135642
0.0006202043
0.007833245
0.001765793
0
0.004714773
0.007658672
8.065196e-05
0.003279739
0.0008016493
0.002263044
0.0003595245
0.0003997932
0.002089205
0.001935223
6.280841e-05
4.45141e-05
0.003747254
0.0006772985
0.0009380035
0.003996895
0.0001350244
0.0001937018
0.000587963
0.001807793
0.001986687
0.005521068
0.005143626
0.002344429
0.003971699
0
4.020628e-05
0
0
0.0005405528
0.0007850046
0
0.0001251732
0.0002246578
0.001165224
0.002047711
0.0004444382
0.002033589
0.0001755993
0.0002236741
0.001315423
0.0004411585
0.005412148
0.0007240476
9.241875e-05
0.000131144
3.600483e-05
0.0003560868
0
0.004998008
0.01197706
0.001032102
0.0001714692
0.01109467
0.003341892
0.01006916
0.003385422
0.0004242021
0
0
3.132532e-06
0
0.0004428738
0.0004256421
0.004890944
0.008906422
0.004027418
0.004563462
0.0007904257
0
0.002103585
0
0
9.625999e-05
0.007265654
0.001900776
0.001349441
0.001600693
0
0.00155682
0.0008541356
0.0002621675
0
0.002482756
0
0
0
0.0005405528
0.0007850046
0
0.0001251732
0.0002246578
0.001165224
0.002047711
0.0004444382
0.002033589
0.0001755993
0.0002236741
0.001315423
0.0004411585
0.005412148
0.0007240476
9.241875e-05
0.000131144
3.600483e-05
0.0003560868
0
0.004998008
0.01197706
0.001032102
0.0001714692
0.01109467
0.003341892
0.01006916
0.003385422
0.0004242021
0
0
3.132532e-06
0
0.0004428738
0.0004256421
0.004890944
0.008906422
0.004027418
0.004563462
0.0007904257
0
0.002103585
0
0
9.625999e-05
0.007265654
0.001900776
0.001349441
0.001600693
0
0.00155682
0.0008541356
0.0002621675
0
0.002482756
0
0
0.0005360088
0.001613063
0.004764719
0.003872938
0.0001851915
0.002212389
0.001923339
0.001554018
0.0002614937
0.003583514
0.002397333
0.0006923719
0
0.0002395455
0.0009682745
0.004053023
0.0001392858
0.001807258
0.0003530967
0.001143928
0.006371091
0.002974599
0.008620608
0.002005201
0.006023263
0.0003183965
0.008837065
0.004473906
0.001795061
0.0007489434
0.001073962
0.0002993862
0.001309319
0.002113179
0.00300496
0.0002447506
0.004315759
0.001985659
0.0001336529
8.513559e-05
0.0003089428
0.005795358
0
3.657268e-05
0.001213283
0.00253922
0.006267969
0.00464229
9.56601e-05
0.0006294837
0.0009182386
0.003141924
0.00147338
0.005444847
0.0003522447
1.886292e-05
7.817314e-05
0.004598517
9.860899e-05
0.0001798425
0.0002326806
0.0002147593
0.0004786588
0.0004360595
0.005091012
0.005535595
0.002321804
0.002766207
0
0.0003983027
0.0007879573
0
0.00717341
0.001309705
0.006343058
0.001374101
0.002334664
0.003770533
0
1.070201e-05
0.002204866
0.007236068
0.007112922
0.002631641
0
0.0001760268
0.004809273
0
0
0.000145249
0.0009472298
0.001857325
0.0001247614
0.00221732
0.002619157
9.29016e-05
0.0008152754
3.412917e-05
0.007004888
0.01013874
0.001001239
0.002551725
0.002295352
0.0005161265
0.001916154
0.0009901554
2.307331e-05
0.003510949
0.0006035099
0.0008459731
0.001307128
0.008370519
0
0.001436175
0.004563712
0.0002656083
0
0.01056318
0.0005981507
0.0002937047
0.003104709
0.005054305
0
0.004051051
0.0005687114
0.0001804411
0.0004530577
0.0002417833
0
8.081165e-05
0.002242827
0.001563337
0.0008431014
0.001306444
0
0.0003815826
0.000471086
0.003473861
0.0007359027
0.005278514
0.0001680664
0.0002045669
0.0001753453
0.0001333105
0.0007908043
4.574909e-05
3.620445e-05
0
0.0001506305
0.0001423227
0.0002167719
0.0002003903
0.004393652
3.392368e-05
0.001319166
0.002284621
5.557604e-05
0.00281887
0.000106859
3.385738e-05
0.005502019
0.003119393
0.001228083
1.045826e-05
5.529905e-06
0
0.0003066057
6.393299e-05
0.0001613755
0.000128962
0.0004499033
0.003723933
0.003765406
0.001607223
0.00527561
0.003194754
0.0003860723
0.0002911521
0.0009479484
0.0004530662
0.004117808
0.004417008
0.002764758
0.001466385
0.002143334
9.845444e-05
0.004426925
0.007843724
4.916443e-05
0.0009130636
0.0001612588
0.0009110916
0
0.002659955
0
0
9.322831e-05
0
0.003776962
0.00376747
0
0
0
0.001775199
0.0001248517
0.007946252
0.0001001667
0.002094839
0.000835128
0.0005586251
0.0008233336
0.001980214
3.101892e-06
0.0005201788
0.0001368761
0.0007601631
0.00375281
4.184938e-05
0.003966642
0.0009244461
0.005902398
0.00262465
0.0005040152
0.003364593
0.0002025424
2.583166e-05
0.0004847423
0.001884038
0.005014771
0.0002647484
0.001213588
0.002083465
0.003393795
0
0
0.002973159
0.001212359
0
0.002033353
0.003699763
0.0003582789
0
0.003349241
0.0001778726
0.001547518
0.001812903
0.0001576735
0.0002885419
0.002577552
0
0.004610747
0.0004446133
0.0007922097
0.000277806
0.0003594199
0.006870755
7.360167e-05
0.002151149
0.002510087
0.005253342
0.001343679
0
0.0007636318
0
0.0009083774
0.006116802
0.001779379
0.0009249468
0.001368733
0.001099035
0.004022337
0.0004187584
0.0008004408
0.0002506255
0.001475222
0
0.001318154
0.001907778
0.001213588
0.002083465
0.003393795
0
0
0.002973159
0.001212359
0
0.002033353
0.003699763
0.0003582789
0
0.003349241
0.0001778726
0.001547518
0.001812903
0.0001576735
0.0002885419
0.002577552
0
0.004610747
0.0004446133
0.0007922097
0.000277806
0.0003594199
0.006870755
7.360167e-05
0.002151149
0.002510087
0.005253342
0.001343679
0
0.0007636318
0
0.0009083774
0.006116802
0.001779379
0.0009249468
0.001368733
0.001099035
0.004022337
0.0004187584
0.0008004408
0.0002506255
0.001475222
0
0.001318154
0.001907778
0.000894021
0
0.004278412
0.0002929077
0.001532548
0.0004938324
0.006615153
0.001004114
0.003521413
0.002080604
0.0001183777
0
0.0006292855
0.001246
0.002542727
0.0007842861
0
0.001021756
0.003651936
0.000192683
0.0006328934
0.008895351
0.001069348
0.0003319619
0.003406023
0.002878438
0.01074632
0.003714702
0.0008861535
0.001849972
0.001553349
0.005556226
0.003396654
0.001353014
0.002132273
8.923256e-05
4.522492e-05
0.0002963733
0.001085853
0
0.0002796563
0.0005129251
0.0004878881
0.000945387
0.0005417618
0.002536289
0.0001222049
0.0001083952
0.005349266
9.144018e-05
0.001694901
0.0006987426
0.00122193
0.001671506
0.0003682207
0
0.0002247943
0.0009507787
0.001627848
0.006587751
0.006873401
0.00116237
0.001269511
0.001229529
0.0001527684
0.003133993
0.004113757
0.0009241996
0.00363796
0.003927808
0
0.002961586
0.0002471253
0.002302856
0.0006092481
0.008913767
0
0.0005502033
0
0
6.450139e-05
0.0002521712
0.0001236679
0.0006188279
0.0008547131
0.0001577506
0.0001990085
0.006085546
0.0009841442
0.0004611877
0.0005223466
0.0005321978
0.004808451
0.01196493
0.0001356842
1.386438e-05
0.002082685
7.716065e-06
0.001497502
0.002685867
0
0.005540674
0.0002206217
8.069979e-05
0
0.001431073
0.000456835
0.002186851
0.001361053
0.003132695
0.00044523
0.003734569
0.0006296393
0.001573252
0.001761889
0.0008593608
0.000263033
0.004934641
0.003212097
0.005018192
0.001229804
0.005794498
0.0002823386
0.002435948
0.005659813
0.005838708
0.002462263
0.001367387
0.0006256107
0.002650179
0.0009086432
0.000433692
0
5.43492e-05
0.0008362987
0.001248994
0.0005729654
8.236102e-05
0.002408545
0.003652335
0
0.006588816
0.0001249306
0.004058423
0.005498148
0.007971017
0.003204072
0.006980109
0.0007386419
0.0004793949
0.0004476654
0.0005655979
0.002655025
0.003197871
0
0.0001510308
0.000444097
0
0.002592654
0.005009344
0.0002923289
0.0001167661
6.14093e-05
0.002311802
0
0
0.0003512452
0.006833799
0.0008131263
0.005786368
0.001094878
0.00213194
0.001915552
0.004440162
0.003613788
0.0001416377
0.0004582748
0.001634275
0
0.0004805355
0.003441995
0.0004102041
0.000388367
0.004782511
0.004364437
0.005937996
0.002872779
0.008338623
0.001535825
0.0009393334
0.0002607071
0.002038126
6.505138e-05
5.914776e-05
0.0002323083
0.001177844
0.0003048363
0.001869694
0.004674598
0.0002650684
0.001729037
0.001213723
0
0.0006940746
0.000286433
0.00394397
0
0.002338152
0.0007324117
0.001439178
0.003257533
0.0002191019
0.00126702
0.003226049
0.0004890532
0.0009818497
0.00940854
0.002433997
0.001476381
0.0003842506
0.0001128264
0.003090903
0.001597389
0.003781289
0.003679053
0.004419866
0.0007548554
0.0003808542
0.0002035959
0.000860612
0
0.000231598
0
0.0005715898
0.003407314
0.0008656306
0.001567398
0.006226051
0.001608661
0.0009018089
0.003822473
0.003561754
0.001091784
6.145169e-05
0.0001915079
0.0007068992
0.0007394502
0.001074135
0.0003802652
0.002638109
0.0006696743
0
0.0006547194
8.929343e-05
0
0.00056994
2.605018e-05
0
0.0001051185
0.00138209
0.004436264
0.007837644
0.0001115331
3.751555e-05
0.0002716016
0.0009387324
0.0005520567
0
0.0002823505
0
0.0004697655
0.005544572
0.0009149215
0
0.0002254883
0.00160344
0.001299492
0.0002090112
0.00575433
0.006426545
0.0001283096
0
0.002573755
0.008061081
0.004720967
0.002018431
0.0001033831
0.004555515
0.0001598022
0.0001465334
0.0008260887
0.0004039915
0.009526157
0.00276385
0.0006608742
0.003125377
0.01099459
0.01380673
0.0008708101
0.0002370627
0.005055631
0.003210186
0.0005919388
9.670069e-05
0.0009236705
1.089819e-05
0.001510584
0
0.0005685807
0.001241406
0.0005292098
0.004660141
0.002029079
0.005067444
0.001671746
0.004173695
0.0002660216
0.0004370808
0.0007866565
0.0007074886
0.003612579
0.003500482
0.0001211637
0.00047374
0.001019727
0.0003215973
0.000261447
0.002146019
0
0.00793731
0.00591533
2.672135e-05
0.0007116702
0.0002931787
0.0005257221
9.094999e-05
0.0006712299
0.002174005
0.0009295704
0.003793433
0.001238307
0.002518756
0.0006388475
0.001095524
0
0.00343168
0
0.0005395466
0.0008600137
0
0.0005209404
9.145201e-05
0.001609295
0.001080616
0.001278125
0.0008053693
0.004134335
0.003505078
0
0.001830667
0
0
3.937008e-05
0
4.478166e-05
0.0002011359
5.327313e-05
0.0007315684
0.001284522
0.00390946
0.0002108332
0.000125934
0.002171736
0.0004112807
7.085874e-05
0.002276039
0.0005453486
0.001404392
0.001281246
7.857485e-05
0.000112814
0
0.0004883112
0.002064546
0.007498062
0.002513503
9.303776e-05
0.005044158
0.00622566
0.000453292
0.001009867
0.0002803134
0.002936407
0.003157149
0.003555939
0.001356332
0.002949527
0.0005854817
5.292407e-05
0.0002428545
0.000286522
0.0009504837
0.002350808
0.001284949
0.003951251
0.003533339
0.003009535
0.004089249
0
0
0.0003061104
0.00345509
0.0009420161
0.0004200487
0
0
0.004633177
0.001445539
0
0.0002090914
0.0001518335
0
0.00381712
0.006369481
0
5.49989e-05
0.0003609692
0.0001323443
0.0002084013
0.0008949188
0.0007257255
0.0007686388
2.701984e-05
2.385211e-05
0.0005669442
0.00743072
0.0008720367
0.004261337
0.002479682
0.003799746
0.0001364572
9.45983e-05
0
0.004486271
4.195638e-05
0.003934834
0.0002452604
1.333591e-05
0
0.0001314039
0.003693358
0.003892231
0.000648609
0.0002605686
0.003995343
0.000784224
0.002343267
0.002799284
0.001498837
0.003862103
0
0.004613925
0.0001334908
0.0001185295
6.502274e-05
0
0.0001737707
0.0005144333
0.001846309
0.001919434
0.0004345986
0.002121978
0.001357226
0.001975923
0.002721122
0.003932232
0
9.980825e-05
0.005765924
0.001019562
1.465032e-05
8.073396e-05
0.002683012
0.002188655
0.001077113
0.0001042641
0.003631527
0
0.0008251157
0.0002757475
0.000170101
0.0009587059
0.00114636
0.001026109
0
0
0
0.001585304
0.002581549
0.004299962
0.008820099
0.00533658
0.001243889
0.0002906551
0.0004892583
6.895685e-05
0.0005729678
0.002671651
0.000671551
0.001041502
0.004838089
0.004268013
1.086981e-05
0.002406841
0.0005498356
0.001033605
0.006951948
0.003392606
0
0.007582786
0.0002455792
0.006181729
0.001734864
0.003874416
0.000227272
0.0005076084
0
0.0006979217
5.475453e-05
0.0001776489
0.0007612086
0.0003923588
0.0005587884
0.002521525
9.936926e-05
0.004509964
0
0.0001832229
0
0
0.000934522
0.002807197
0.0001648314
0.002611466
0
0.001072024
0.000318983
0.001194702
0.0007781281
0.0003205145
5.475453e-05
0.0001776489
0.0007612086
0.0003923588
0.0005587884
0.002521525
9.936926e-05
0.004509964
0
0.0001832229
0
0
0.000934522
0.002807197
0.0001648314
0.002611466
0
0.001072024
0.000318983
0.001194702
0.0007781281
0.0003205145
0.001455687
0.00127211
0.0005262835
0.00109507
0.00105
0.01476553
0.004396259
0.002752948
0.001829944
0.0008852864
0.001998823
0.002349539
5.502151e-05
0.01215831
0.001025626
0.004989129
0.001514548
0.002335093
2.455092e-05
0.000533379
0.0003040685
0
0
0.0009940371
0.002920283
0.0010957
0
0.000984061
0.003043405
0.00373254
4.737291e-05
0.005100497
0.0005433518
0.002634361
0.003317619
0.0004346704
0.004049664
0.0007577025
0
0.0001105519
0.000239192
0.0002069331
0.0002822324
0.001103341
0.007605842
9.215857e-05
0.01102022
0.003030949
0
0.004206028
0.0002866206
0.001712995
0.002825879
0
0.0001658158
0.001942519
0.0008222278
0.000973552
0.001768242
0.003712352
0.003529675
0.006709819
0.0005384839
0.0008013773
0.01041501
0.001407086
0.001893153
0.0008469661
0.001950817
0.0001783295
0.004025786
0.002216763
0.001112562
0.0001256459
0.0009788327
0.0008182256
0.003275073
0.001958121
0.001041104
0.002610866
0.002821422
0.001850048
0
0.001160227
0.00168382
0.003018907
0
0
0.008780992
0.006286972
0.0001669517
0.0007395237
0.002033562
0.001246205
0.002421646
0.002155872
0.003722166
0.001038432
0.003673279
0.0006103763
0.001846157
0.001247307
0
0.003804747
0.0008933316
0
0.0008388625
0.008950584
0.001972421
0.00886755
6.773766e-05
0.0007402186
0.005906138
0.003058528
1.068373e-05
0.0004213716
1.840646e-05
0.0003048895
0.0003976082
0.008697984
0.0006618004
0.01818136
0.0002172931
0.0001284758
0.0006936765
0.008707694
0.002647326
0.002441855
0.001843366
0.008771454
0
0.00110714
0.004386936
0.001748676
0
0
0.005167839
0.002988084
0.004425503
7.663766e-06
0
0.001701312
4.593697e-05
1.350504e-05
0.0009802234
0.000723822
0.003045004
0.002519262
0.001252715
0.002169155
0.006899875
0
0.00260917
0.001405246
3.592483e-05
0
0.006364269
0.0002225958
1.45103e-05
0.0008284473
0.002414994
0.002610075
0
0.003868049
0.004684768
0.002246089
0.005639549
0.002945742
0.007229229
0.005257937
0
0.0004137204
0.0001021819
0.0001188399
0.001155839
3.86854e-05
0.0002847729
0.0001633254
0.0001559763
0.0003862396
0
0.0009735217
0.001334747
0.0008814272
0
0.0001212149
0.0007830751
0.008244003
0.004758958
0.002632968
0.006080873
0.001101533
0.001084095
0.005564719
0.007206018
0.005095499
0.001297585
0.005534737
0.001060785
0.009045273
0.0002513491
0.003315732
0.0001072596
3.975152e-05
0.001028197
0.004572567
9.412096e-07
0.007316832
0.0001639406
0.00235774
0.001982409
0.001308003
0.0003877839
0.001827827
0.003152596
0.0002301396
0.003113258
0.0004033858
0.003173815
0.004622966
0.0003490146
0
0.0003762019
0.0006653966
0
0.001672211
0
0.001603901
3.297849e-05
0
0.002243329
0.0007827432
0.006465994
0.00135642
0.0006202043
0.007833245
0.001765793
0
0.004714773
0.007658672
8.065196e-05
0.003279739
0.0008016493
0.002263044
0.0003595245
0.0003997932
0.002089205
0.001935223
6.280841e-05
4.45141e-05
0.003747254
0.0006772985
0.0009380035
0.003996895
0.0001350244
0.0001937018
0.000587963
0.001807793
0.001986687
0.005521068
0.005143626
0.002344429
0.003971699
0
4.020628e-05
0
0
0.0005405528
0.0007850046
0
0.0001251732
0.0002246578
0.001165224
0.002047711
0.0004444382
0.002033589
0.0001755993
0.0002236741
0.001315423
0.0004411585
0.005412148
0.0007240476
9.241875e-05
0.000131144
3.600483e-05
0.0003560868
0
0.004998008
0.01197706
0.001032102
0.0001714692
0.01109467
0.003341892
0.01006916
0.003385422
0.0004242021
0
0
3.132532e-06
0
0.0004428738
0.0004256421
0.004890944
0.008906422
0.004027418
0.004563462
0.0007904257
0
0.002103585
0
0
9.625999e-05
0.007265654
0.001900776
0.001349441
0.001600693
0
0.00155682
0.0008541356
0.0002621675
0
0.002482756
0
0
0
0.0005405528
0.0007850046
0
0.0001251732
0.0002246578
0.001165224
0.002047711
0.0004444382
0.002033589
0.0001755993
0.0002236741
0.001315423
0.0004411585
0.005412148
0.0007240476
9.241875e-05
0.000131144
3.600483e-05
0.0003560868
0
0.004998008
0.01197706
0.001032102
0.0001714692
0.01109467
0.003341892
0.01006916
0.003385422
0.0004242021
0
0
3.132532e-06
0
0.0004428738
0.0004256421
0.004890944
0.008906422
0.004027418
0.004563462
0.0007904257
0
0.002103585
0
0
9.625999e-05
0.007265654
0.001900776
0.001349441
0.001600693
0
0.00155682
0.0008541356
0.0002621675
0
0.002482756
0
0
0.0005360088
0.001613063
0.004764719
0.003872938
0.0001851915
0.002212389
0.001923339
0.001554018
0.0002614937
0.003583514
0.002397333
0.0006923719
0
0.0002395455
0.0009682745
0.004053023
0.0001392858
0.001807258
0.0003530967
0.001143928
0.006371091
0.002974599
0.008620608
0.002005201
0.006023263
0.0003183965
0.008837065
0.004473906
0.001795061
0.0007489434
0.001073962
0.0002993862
0.001309319
0.002113179
0.00300496
0.0002447506
0.004315759
0.001985659
0.0001336529
8.513559e-05
0.0003089428
0.005795358
0
3.657268e-05
0.001213283
0.00253922
0.006267969
0.00464229
9.56601e-05
0.0006294837
0.0009182386
0.003141924
0.00147338
0.005444847
0.0003522447
1.886292e-05
7.817314e-05
0.004598517
9.860899e-05
0.0001798425
0.0002326806
0.0002147593
0.0004786588
0.0004360595
0.005091012
0.005535595
0.002321804
0.002766207
0
0.0003983027
0.0007879573
0
0.00717341
0.001309705
0.006343058
0.001374101
0.002334664
0.003770533
0
1.070201e-05
0.002204866
0.007236068
0.007112922
0.002631641
0
0.0001760268
0.004809273
0
0
0.000145249
0.0009472298
0.001857325
0.0001247614
0.00221732
0.002619157
9.29016e-05
0.0008152754
3.412917e-05
0.007004888
0.01013874
0.001001239
0.002551725
0.002295352
0.0005161265
0.001916154
0.0009901554
2.307331e-05
0.003510949
0.0006035099
0.0008459731
0.001307128
0.008370519
0
0.001436175
0.004563712
0.0002656083
0
0.01056318
0.0005981507
0.0002937047
0.003104709
0.005054305
0
0.004051051
0.0005687114
0.0001804411
0.0004530577
0.0002417833
0
8.081165e-05
0.002242827
0.001563337
0.0008431014
0.001306444
0
0.0003815826
0.000471086
0.003473861
0.0007359027
0.005278514
0.0001680664
0.0002045669
0.0001753453
0.0001333105
0.0007908043
4.574909e-05
3.620445e-05
0
0.0001506305
0.0001423227
0.0002167719
0.0002003903
0.004393652
3.392368e-05
0.001319166
0.002284621
5.557604e-05
0.00281887
0.000106859
3.385738e-05
0.005502019
0.003119393
0.001228083
1.045826e-05
5.529905e-06
0
0.0003066057
6.393299e-05
0.0001613755
0.000128962
0.0004499033
0.003723933
0.003765406
0.001607223
0.00527561
0.003194754
0.0003860723
0.0002911521
0.0009479484
0.0004530662
0.004117808
0.004417008
0.002764758
0.001466385
0.002143334
9.845444e-05
0.004426925
0.007843724
4.916443e-05
0.0009130636
0.0001612588
0.0009110916
0
0.002659955
0
0
9.322831e-05
0
0.003776962
0.00376747
0
0
0
0.001775199
0.0001248517
0.007946252
0.0001001667
0.002094839
0.000835128
0.0005586251
0.0008233336
0.001980214
3.101892e-06
0.0005201788
0.0001368761
0.0007601631
0.00375281
4.184938e-05
0.003966642
0.0009244461
0.005902398
0.00262465
0.0005040152
0.003364593
0.0002025424
2.583166e-05
0.0004847423
0.001884038
0.005014771
0.0002647484
0.001213588
0.002083465
0.003393795
0
0
0.002973159
0.001212359
0
0.002033353
0.003699763
0.0003582789
0
0.003349241
0.0001778726
0.001547518
0.001812903
0.0001576735
0.0002885419
0.002577552
0
0.004610747
0.0004446133
0.0007922097
0.000277806
0.0003594199
0.006870755
7.360167e-05
0.002151149
0.002510087
0.005253342
0.001343679
0
0.0007636318
0
0.0009083774
0.006116802
0.001779379
0.0009249468
0.001368733
0.001099035
0.004022337
0.0004187584
0.0008004408
0.0002506255
0.001475222
0
0.001318154
0.001907778
0.001213588
0.002083465
0.003393795
0
0
0.002973159
0.001212359
0
0.002033353
0.003699763
0.0003582789
0
0.003349241
0.0001778726
0.001547518
0.001812903
0.0001576735
0.0002885419
0.002577552
0
0.004610747
0.0004446133
0.0007922097
0.000277806
0.0003594199
0.006870755
7.360167e-05
0.002151149
0.002510087
0.005253342
0.001343679
0
0.0007636318
0
0.0009083774
0.006116802
0.001779379
0.0009249468
0.001368733
0.001099035
0.004022337
0.0004187584
0.0008004408
0.0002506255
0.001475222
0
0.001318154
0.001907778
0.000894021
0
0.004278412
0.0002929077
0.001532548
0.0004938324
0.006615153
0.001004114
0.003521413
0.002080604
0.0001183777
0
0.0006292855
0.001246
0.002542727
0.0007842861
0
0.001021756
0.003651936
0.000192683
0.0006328934
0.008895351
0.001069348
0.0003319619
0.003406023
0.002878438
0.01074632
0.003714702
0.0008861535
0.001849972
0.001553349
0.005556226
0.003396654
0.001353014
0.002132273
8.923256e-05
4.522492e-05
0.0002963733
0.001085853
0
0.0002796563
0.0005129251
0.0004878881
0.000945387
0.0005417618
0.002536289
0.0001222049
0.0001083952
0.005349266
9.144018e-05
0.001694901
0.0006987426
0.00122193
0.001671506
0.0003682207
0
0.0002247943
0.0009507787
0.001627848
0.006587751
0.006873401
0.00116237
0.001269511
0.001229529
0.0001527684
0.003133993
0.004113757
0.0009241996
0.00363796
0.003927808
0
0.002961586
0.0002471253
0.002302856
0.0006092481
0.008913767
0
0.0005502033
0
0
6.450139e-05
0.0002521712
0.0001236679
0.0006188279
0.0008547131
0.0001577506
0.0001990085
0.006085546
0.0009841442
0.0004611877
0.0005223466
0.0005321978
0.004808451
0.01196493
0.0001356842
1.386438e-05
0.002082685
7.716065e-06
0.001497502
0.002685867
0
0.005540674
0.0002206217
8.069979e-05
0
0.001431073
0.000456835
0.002186851
0.001361053
0.003132695
0.00044523
0.003734569
0.0006296393
0.001573252
0.001761889
0.0008593608
0.000263033
0.004934641
0.003212097
0.005018192
0.001229804
0.005794498
0.0002823386
0.002435948
0.005659813
0.005838708
0.002462263
0.001367387
0.0006256107
0.002650179
0.0009086432
0.000433692
0
5.43492e-05
0.0008362987
0.001248994
0.0005729654
8.236102e-05
0.002408545
0.003652335
0
0.006588816
0.0001249306
0.004058423
