0.00414523
0.001169532
0.001409198
0.001593043
0.002697004
0.001054752
0.003220918
0.002664232
0.0006181469
0.001429417
0.001456691
0.001573434
0.002817816
0.002435551
0.0003112326
0.002429477
0.001572645
0.0009169389
0.0002233338
0.002318361
0.0003407902
0.001459698
0.002302948
0.003672189
0.002304404
0.004949242
0.001648171
0.00141832
0.002274178
0.001533685
0.001947683
0.001260595
0.00188755
0.0009509329
0.0006937196
0.001925596
4.754793e-05
0.001052598
0.001146609
0.0006709153
0.003637952
0.002049335
0.0008446322
0.003036522
0.0008538776
0.001047968
0.001732239
0.0005151663
0.002196985
0.001832792
0.0007277985
0.002212389
0.002519569
0.0001675412
0.001609245
0.002256441
0.001024738
0.0009768661
0.0006262957
0.003762122
0.0009193146
0.002184542
0.004059108
0.00117368
0.0007443807
0.0007987594
0.001265007
0.0007443807
0.0007987594
0.001265007
0.0008900206
0.004097682
0.00321282
0.001737054
0.0008856814
0.002151313
0.001956228
0.0003237084
0.004325867
0.001155638
0.002919311
0.002650347
0.001601651
0.001780371
0.001755737
0.002662407
0.002102981
0.001863644
0.003587125
0.00170078
0.004710342
0.00247272
0.002976262
0.002098182
0.0005774666
0.002647668
0.001772868
0.001622679
0.004667219
0.0003048778
0.000327306
0.001894078
0.003537191
0.004873316
0.001552476
0.002188311
0.001519165
0.001531232
0.0005515152
0.003216989
0.002916605
0.001308073
0.001577796
0.001705373
0.00191666
0.0002792314
0.001015039
0.001352723
0.003066544
0.004747803
0.0001452747
0.003863112
0.001894379
0.0009372095
0.00414523
0.001169532
0.001409198
0.001593043
0.002697004
0.001054752
0.003220918
0.002664232
0.0006181469
0.001429417
0.001456691
0.001573434
0.002817816
0.002435551
0.0003112326
0.002429477
0.001572645
0.0009169389
0.0002233338
0.002318361
0.0003407902
0.001459698
0.002302948
0.003672189
0.002304404
0.004949242
0.001648171
0.00141832
0.002274178
0.001533685
0.001947683
0.001260595
0.00188755
0.0009509329
0.0006937196
0.001925596
4.754793e-05
0.001052598
0.001146609
0.0006709153
0.003637952
0.002049335
0.0008446322
0.003036522
0.0008538776
0.001047968
0.001732239
0.0005151663
0.002196985
0.001832792
0.0007277985
0.002212389
0.002519569
0.0001675412
0.001609245
0.002256441
0.001024738
0.0009768661
0.0006262957
0.003762122
0.0009193146
0.002184542
0.004059108
0.00117368
0.0007443807
0.0007987594
0.001265007
0.0007443807
0.0007987594
0.001265007
0.0008900206
0.004097682
0.00321282
0.001737054
0.0008856814
0.002151313
0.001956228
0.0003237084
0.004325867
0.001155638
0.002919311
0.002650347
0.001601651
0.001780371
0.001755737
0.002662407
0.002102981
0.001863644
0.003587125
0.00170078
0.004710342
0.00247272
0.002976262
0.002098182
0.0005774666
0.002647668
0.001772868
0.001622679
0.004667219
0.0003048778
0.000327306
0.001894078
0.003537191
0.004873316
0.001552476
0.002188311
0.001519165
0.001531232
0.0005515152
0.003216989
0.002916605
0.001308073
0.001577796
0.001705373
0.00191666
0.0002792314
0.001015039
0.001352723
0.003066544
0.004747803
0.0001452747
0.003863112
0.001894379
0.0009372095
0.0002792314
0.001015039
0.001352723
0.003066544
0.004747803
0.0001452747
0.003863112
0.001894379
0.0009372095
0.0007719714
0.002418766
0.00119571
0.001410811
0.004385526
0.002871387
0.002162271
0.001059944
0.002564651
0.001891583
0.0009004302
0.002771556
0.001611563
0.00230551
0.003226921
0.00129318
0.0009839241
0.003918012
0.001314969
0.00265719
0.003269008
0.0009158407
0.001006087
0.001723491
0.0002529738
0.0001243867
0.001817635
0.001666778
0.0001110677
0.003002805
0.001768842
0.00312393
0.0007824222
0.001272943
0.001641051
0.001065385
0.0008691632
0.002881124
0.001312779
0.001610668
0.001217292
0.001222292
0.001450488
0.002869726
0.001522082
0.001602198
0.0009587033
0.00414523
0.001169532
0.001409198
0.001593043
0.002697004
0.001054752
0.003220918
0.002664232
0.0006181469
0.001429417
0.001456691
0.001573434
0.002817816
0.002435551
0.0003112326
0.002429477
0.001572645
0.0009169389
0.0002233338
0.002318361
0.0003407902
0.001459698
0.002302948
0.003672189
0.002304404
0.004949242
0.001648171
0.00141832
0.002274178
0.001533685
0.001947683
0.001260595
0.00188755
0.0009509329
0.0006937196
0.001925596
4.754793e-05
0.001052598
0.001146609
0.0006709153
0.003637952
0.002049335
0.0008446322
0.003036522
0.0008538776
0.001047968
0.001732239
0.0005151663
0.002196985
0.001832792
0.0007277985
0.002212389
0.002519569
0.0001675412
0.001609245
0.002256441
0.001024738
0.0009768661
0.0006262957
0.003762122
0.0009193146
0.002184542
0.004059108
0.00117368
0.0007443807
0.0007987594
0.001265007
0.0007443807
0.0007987594
0.001265007
0.0008900206
0.004097682
0.00321282
0.001737054
0.0008856814
0.002151313
0.001956228
0.0003237084
0.004325867
0.001155638
0.002919311
0.002650347
0.001601651
0.001780371
0.001755737
0.002662407
0.002102981
0.001863644
0.003587125
0.00170078
0.004710342
0.00247272
0.002976262
0.002098182
0.0005774666
0.002647668
0.001772868
0.001622679
0.004667219
0.0003048778
0.000327306
0.001894078
0.003537191
0.004873316
0.001552476
0.002188311
0.001519165
0.001531232
0.0005515152
0.003216989
0.002916605
0.001308073
0.001577796
0.001705373
0.00191666
0.0002792314
0.001015039
0.001352723
0.003066544
0.004747803
0.0001452747
0.003863112
0.001894379
0.0009372095
0.0002792314
0.001015039
0.001352723
0.003066544
0.004747803
0.0001452747
0.003863112
0.001894379
0.0009372095
0.0007719714
0.002418766
0.00119571
0.001410811
0.004385526
0.002871387
0.002162271
0.001059944
0.002564651
0.001891583
0.0009004302
0.002771556
0.001611563
0.00230551
0.003226921
0.00129318
0.0009839241
0.003918012
0.001314969
0.00265719
0.003269008
0.0009158407
0.001006087
0.001723491
0.0002529738
0.0001243867
0.001817635
0.001666778
0.0001110677
0.003002805
0.001768842
0.00312393
0.0007824222
0.001272943
0.001641051
0.001065385
0.0008691632
0.002881124
0.001312779
0.001610668
0.001217292
0.001222292
0.001450488
0.002869726
0.001522082
0.001602198
0.0009587033
0.001610668
0.001217292
0.001222292
0.001450488
0.002869726
0.001522082
0.001602198
0.0009587033
0.00124862
0.002223277
0.001037342
0.002462362
0.003913602
0.002346791
0.0003700055
0.000790321
0.001787964
0.001626565
0.002303595
0.002594218
0.002103867
0.0001765281
0.001457058
0.002996246
0.001969074
0.0007293468
0.00181274
0.002674869
0.003540185
0.001407962
0.0004658281
0.002805508
0.00414523
0.001169532
0.001409198
0.001593043
0.002697004
0.001054752
0.003220918
0.002664232
0.0006181469
0.001429417
0.001456691
0.001573434
0.002817816
0.002435551
0.0003112326
0.002429477
0.001572645
0.0009169389
0.0002233338
0.002318361
0.0003407902
0.001459698
0.002302948
0.003672189
0.002304404
0.004949242
0.001648171
0.00141832
0.002274178
0.001533685
0.001947683
0.001260595
0.00188755
0.0009509329
0.0006937196
0.001925596
4.754793e-05
0.001052598
0.001146609
0.0006709153
0.003637952
0.002049335
0.0008446322
0.003036522
0.0008538776
0.001047968
0.001732239
0.0005151663
0.002196985
0.001832792
0.0007277985
0.002212389
0.002519569
0.0001675412
0.001609245
0.002256441
0.001024738
0.0009768661
0.0006262957
0.003762122
0.0009193146
0.002184542
0.004059108
0.00117368
0.0007443807
0.0007987594
0.001265007
0.0007443807
0.0007987594
0.001265007
0.0008900206
0.004097682
0.00321282
0.001737054
0.0008856814
0.002151313
0.001956228
0.0003237084
0.004325867
0.001155638
0.002919311
0.002650347
0.001601651
0.001780371
0.001755737
0.002662407
0.002102981
0.001863644
0.003587125
0.00170078
0.004710342
0.00247272
0.002976262
0.002098182
0.0005774666
0.002647668
0.001772868
0.001622679
0.004667219
0.0003048778
0.000327306
0.001894078
0.003537191
0.004873316
0.001552476
0.002188311
0.001519165
0.001531232
0.0005515152
0.003216989
0.002916605
0.001308073
0.001577796
0.001705373
0.00191666
0.0002792314
0.001015039
0.001352723
0.003066544
0.004747803
0.0001452747
0.003863112
0.001894379
0.0009372095
0.0002792314
0.001015039
0.001352723
0.003066544
0.004747803
0.0001452747
0.003863112
0.001894379
0.0009372095
0.0007719714
0.002418766
0.00119571
0.001410811
0.004385526
0.002871387
0.002162271
0.001059944
0.002564651
0.001891583
0.0009004302
0.002771556
0.001611563
0.00230551
0.003226921
0.00129318
0.0009839241
0.003918012
0.001314969
0.00265719
0.003269008
0.0009158407
0.001006087
0.001723491
0.0002529738
0.0001243867
0.001817635
0.001666778
0.0001110677
0.003002805
0.001768842
0.00312393
0.0007824222
0.001272943
0.001641051
0.001065385
0.0008691632
0.002881124
0.001312779
0.001610668
0.001217292
0.001222292
0.001450488
0.002869726
0.001522082
0.001602198
0.0009587033
0.001610668
0.001217292
0.001222292
0.001450488
0.002869726
0.001522082
0.001602198
0.0009587033
0.00124862
0.002223277
0.001037342
0.002462362
0.003913602
0.002346791
0.0003700055
0.000790321
0.001787964
0.001626565
0.002303595
0.002594218
0.002103867
0.0001765281
0.001457058
0.002996246
0.001969074
0.0007293468
0.00181274
0.002674869
0.003540185
0.001407962
0.0004658281
0.002805508
