0.0005970205
0.001142372
0
0.002649082
0
0.004113011
0.0005654792
0.0009687198
0.00108798
0.001499519
0.006123137
0.0021403
0.0002381182
0
0.003265019
0.0005352777
0.007106369
0.006318896
0.002948298
0.003514119
0.001920431
0.0111772
0
0.0006020253
0.004468714
0.008006068
3.096695e-05
0.005332066
0.0005888743
0.00231091
0.0022703
9.605066e-05
0.00160152
0.003677775
0.003737369
0.0006695368
0.0001209599
0
0.0009061387
0.004167337
0.002295129
0.006101824
0.001446224
0.002403196
0.001412811
7.833373e-05
0.0001527726
0.0003026558
0.0001888185
0.0002961384
0.004003423
0.001203336
0.001490049
0.0005876604
0.001649379
0.0003972277
0.002362283
0.000427393
0.0002212589
0.001121551
0.0008832808
0.0006137286
0.000181748
0.001448725
0.0001373694
0.005525976
0.002706702
0.004442006
0.001962811
0.0009268658
0.0003961336
0.00595238
0.004230798
0.0005620091
0.001429066
0.00103236
0
0.002614696
0.006350642
2.73761e-05
0.0001325527
0.0001318546
0
0.001071078
0.0006001038
0.001426476
0.004177553
0.001385924
0.0002171713
0.001747205
0.003590426
0.002649119
0
0.0001216681
2.683013e-05
0.0001143698
0.003113738
0.001521101
0.003271607
0.0001125608
0.0002430398
0.001158889
0
0.0001531741
0.002820669
0.0006587809
0.001209819
0.000375592
0.0002848963
0.0009176275
0.002271083
0.001002623
0.000396416
0.0006166839
0.0006785156
0.001287291
0.001231914
0.0008739182
0
0.001036168
0.001028049
0.0002687734
0.0001852484
0.0002865476
0.00139453
0.0002804996
0
2.301865e-05
0.0003497909
0.001336395
0.00303942
0.0009488098
4.35941e-05
6.454377e-05
0.0008933519
0.0002069722
0
0.006209128
0.001522293
0
0.001684927
0.003253018
6.489006e-05
0.002347855
0.004714788
0.006172904
0.003484013
0.005873181
0.004418025
0.003932298
0.001160462
0.001468389
0.001813335
0.0007625935
0.002094576
0.003617248
0.0006770732
0.00335687
0.006175017
0.0003778811
0.004630717
1.797764e-05
0
5.613942e-05
0.002671387
7.095798e-05
0.0005695928
0.000294383
0.0006074787
0.00162468
0.00105428
0.0006933797
0.00829435
0.008419114
0.0008234216
0.003079581
0.002736411
1.876481e-05
0.001375481
0.0008484454
0.004491847
0
0.00164927
0.0006027905
0.005556032
0.008004417
0.001972123
0.00291287
0.002074712
0.003514576
0.001361949
0.002430419
0.01027465
0.01444947
0.0005518726
0.004325705
0.001203357
0.001943611
0.0003662641
0.0007984019
0.0007615533
0.001637493
0.001166138
0.001606094
0.002470055
0.001531485
0.001417082
0.001376368
0.0001454421
0.002557557
0.006862583
0.004905749
0.00637269
0.003281835
0.002132119
0.0006017661
0.01007489
0.003903964
0.0004515842
0.002440138
0.0004982935
0.0003921987
0
4.351878e-05
0
1.58238e-05
0
0.003229268
0.0003217604
1.103632e-05
0.0004729935
0.0001901137
0.0003083122
0.0002209252
0.002311393
0.001745761
0.001890498
0.002201287
0
0.002680815
0.0001813198
0
0.003097599
0.00163686
5.387041e-05
0.0004064552
0.001727272
0.004080552
0.0004878954
0.00111677
0
0.002506512
0.0003400139
0.0001647168
1.071304e-05
0.0001622586
0
9.515387e-05
0.001947929
0.0004481975
0.001594916
0.001010209
0
0.0001420792
0.0009663033
6.430438e-05
0.0007937437
0.0009605395
0.0008291211
0.001740953
0.001049264
7.507439e-05
0.00226732
0.001423158
0.003912531
0.0004796778
0.0001396534
0.00019664
0.0004614547
0.001012107
0.0001408784
0.0003330572
0.0001696984
3.842587e-05
0
0.001671998
6.196308e-05
0.000643965
0
0.0009561909
0.0003300603
0.0005044945
0.003198561
3.63177e-05
0
0
0.001564476
0.001733027
0.0005008647
0.001925618
0.0009736894
0.0001210009
0.002379689
0.006194994
0
0.0006320587
0.0001480676
0.004187366
5.008428e-05
0.0001794953
0.000593611
0.0004856376
0.003771757
0.008143806
0.003330177
0.002460589
0.003419358
0.003544052
0.0001471487
0.0001185254
6.441038e-05
0.004948837
0.0005737365
0.001668301
0.00071392
2.944617e-05
0.002387975
0.006707277
0.0002186064
0
0
0.0002542795
0.007893421
0.0014253
0.0002976203
0.006157185
0.0001301945
0.0001513937
0.0008765851
0
0.0003377448
0.005438546
0.00147911
5.827812e-05
0.0004313892
0.004434011
0
0.0007925153
6.365904e-05
6.911406e-05
0.0008496977
7.5048e-05
0.002559778
0.00418961
0.0002976115
0.0003564531
4.531295e-05
0
0.002603113
0.000453319
0.002267898
0.0002769843
0
9.668987e-05
0.01197746
4.626686e-05
0.00224411
0.0001432214
0.0005134376
0.008077016
0.01050471
0.004999913
0.004079032
0.00627754
0.0003371133
0.001422327
0
0.002826015
0.0001955732
5.77037e-05
0.003835776
0.007449279
0.0004749144
0.003222641
0.0005970205
0.001142372
0
0.002649082
0
0.004113011
0.0005654792
0.0009687198
0.00108798
0.001499519
0.006123137
0.0021403
0.0002381182
0
0.003265019
0.0005352777
0.007106369
0.006318896
0.002948298
0.003514119
0.001920431
0.0111772
0
0.0006020253
0.004468714
0.008006068
3.096695e-05
0.005332066
0.0005888743
0.00231091
0.0022703
9.605066e-05
0.00160152
0.003677775
0.003737369
0.0006695368
0.0001209599
0
0.0009061387
0.004167337
0.002295129
0.006101824
0.001446224
0.002403196
0.001412811
7.833373e-05
0.0001527726
0.0003026558
0.0001888185
0.0002961384
0.004003423
0.001203336
0.001490049
0.0005876604
0.001649379
0.0003972277
0.002362283
0.000427393
0.0002212589
0.001121551
0.0008832808
0.0006137286
0.000181748
0.001448725
0.0001373694
0.005525976
0.002706702
0.004442006
0.001962811
0.0009268658
0.0003961336
0.00595238
0.004230798
0.0005620091
0.001429066
0.00103236
0
0.002614696
0.006350642
2.73761e-05
0.0001325527
0.0001318546
0
0.001071078
0.0006001038
0.001426476
0.004177553
0.001385924
0.0002171713
0.001747205
0.003590426
0.002649119
0
0.0001216681
2.683013e-05
0.0001143698
0.003113738
0.001521101
0.003271607
0.0001125608
0.0002430398
0.001158889
0
0.0001531741
0.002820669
0.0006587809
0.001209819
0.000375592
0.0002848963
0.0009176275
0.002271083
0.001002623
0.000396416
0.0006166839
0.0006785156
0.001287291
0.001231914
0.0008739182
0
0.001036168
0.001028049
0.0002687734
0.0001852484
0.0002865476
0.00139453
0.0002804996
0
2.301865e-05
0.0003497909
0.001336395
0.00303942
0.0009488098
4.35941e-05
6.454377e-05
0.0008933519
0.0002069722
0
0.006209128
0.001522293
0
0.001684927
0.003253018
6.489006e-05
0.002347855
0.004714788
0.006172904
0.003484013
0.005873181
0.004418025
0.003932298
0.001160462
0.001468389
0.001813335
0.0007625935
0.002094576
0.003617248
0.0006770732
0.00335687
0.006175017
0.0003778811
0.004630717
1.797764e-05
0
5.613942e-05
0.002671387
7.095798e-05
0.0005695928
0.000294383
0.0006074787
0.00162468
0.00105428
0.0006933797
0.00829435
0.008419114
0.0008234216
0.003079581
0.002736411
1.876481e-05
0.001375481
0.0008484454
0.004491847
0
0.00164927
0.0006027905
0.005556032
0.008004417
0.001972123
0.00291287
0.002074712
0.003514576
0.001361949
0.002430419
0.01027465
0.01444947
0.0005518726
0.004325705
0.001203357
0.001943611
0.0003662641
0.0007984019
0.0007615533
0.001637493
0.001166138
0.001606094
0.002470055
0.001531485
0.001417082
0.001376368
0.0001454421
0.002557557
0.006862583
0.004905749
0.00637269
0.003281835
0.002132119
0.0006017661
0.01007489
0.003903964
0.0004515842
0.002440138
0.0004982935
0.0003921987
0
4.351878e-05
0
1.58238e-05
0
0.003229268
0.0003217604
1.103632e-05
0.0004729935
0.0001901137
0.0003083122
0.0002209252
0.002311393
0.001745761
0.001890498
0.002201287
0
0.002680815
0.0001813198
0
0.003097599
0.00163686
5.387041e-05
0.0004064552
0.001727272
0.004080552
0.0004878954
0.00111677
0
0.002506512
0.0003400139
0.0001647168
1.071304e-05
0.0001622586
0
9.515387e-05
0.001947929
0.0004481975
0.001594916
0.001010209
0
0.0001420792
0.0009663033
6.430438e-05
0.0007937437
0.0009605395
0.0008291211
0.001740953
0.001049264
7.507439e-05
0.00226732
0.001423158
0.003912531
0.0004796778
0.0001396534
0.00019664
0.0004614547
0.001012107
0.0001408784
0.0003330572
0.0001696984
3.842587e-05
0
0.001671998
6.196308e-05
0.000643965
0
0.0009561909
0.0003300603
0.0005044945
0.003198561
3.63177e-05
0
0
0.001564476
0.001733027
0.0005008647
0.001925618
0.0009736894
0.0001210009
0.002379689
0.006194994
0
0.0006320587
0.0001480676
0.004187366
5.008428e-05
0.0001794953
0.000593611
0.0004856376
0.003771757
0.008143806
0.003330177
0.002460589
0.003419358
0.003544052
0.0001471487
0.0001185254
6.441038e-05
0.004948837
0.0005737365
0.001668301
0.00071392
2.944617e-05
0.002387975
0.006707277
0.0002186064
0
0
0.0002542795
0.007893421
0.0014253
0.0002976203
0.006157185
0.0001301945
0.0001513937
0.0008765851
0
0.0003377448
0.005438546
0.00147911
5.827812e-05
0.0004313892
0.004434011
0
0.0007925153
6.365904e-05
6.911406e-05
0.0008496977
7.5048e-05
0.002559778
0.00418961
0.0002976115
0.0003564531
4.531295e-05
0
0.002603113
0.000453319
0.002267898
0.0002769843
0
9.668987e-05
0.01197746
4.626686e-05
0.00224411
0.0001432214
0.0005134376
0.008077016
0.01050471
0.004999913
0.004079032
0.00627754
0.0003371133
0.001422327
0
0.002826015
0.0001955732
5.77037e-05
0.003835776
0.007449279
0.0004749144
0.003222641
0.0005970205
0.001142372
0
0.002649082
0
0.004113011
0.0005654792
0.0009687198
0.00108798
0.001499519
0.006123137
0.0021403
0.0002381182
0
0.003265019
0.0005352777
0.007106369
0.006318896
0.002948298
0.003514119
0.001920431
0.0111772
0
0.0006020253
0.004468714
0.008006068
3.096695e-05
0.005332066
0.0005888743
0.00231091
0.0022703
9.605066e-05
0.00160152
0.003677775
0.003737369
0.0006695368
0.0001209599
0
0.0009061387
0.004167337
0.002295129
0.006101824
0.001446224
0.002403196
0.001412811
7.833373e-05
0.0001527726
0.0003026558
0.0001888185
0.0002961384
0.004003423
0.001203336
0.001490049
0.0005876604
0.001649379
0.0003972277
0.002362283
0.000427393
0.0002212589
0.001121551
0.0008832808
0.0006137286
0.000181748
0.001448725
0.0001373694
0.005525976
0.002706702
0.004442006
0.001962811
0.0009268658
0.0003961336
0.00595238
0.004230798
0.0005620091
0.001429066
0.00103236
0
0.002614696
0.006350642
2.73761e-05
0.0001325527
0.0001318546
0
0.001071078
0.0006001038
0.001426476
0.004177553
0.001385924
0.0002171713
0.001747205
0.003590426
0.002649119
0
0.0001216681
2.683013e-05
0.0001143698
0.003113738
0.001521101
0.003271607
0.0001125608
0.0002430398
0.001158889
0
0.0001531741
0.002820669
0.0006587809
0.001209819
0.000375592
0.0002848963
0.0009176275
0.002271083
0.001002623
0.000396416
0.0006166839
0.0006785156
0.001287291
0.001231914
0.0008739182
0
0.001036168
0.001028049
0.0002687734
0.0001852484
0.0002865476
0.00139453
0.0002804996
0
2.301865e-05
0.0003497909
0.001336395
0.00303942
0.0009488098
4.35941e-05
6.454377e-05
0.0008933519
0.0002069722
0
0.006209128
0.001522293
0
0.001684927
0.003253018
6.489006e-05
0.002347855
0.004714788
0.006172904
0.003484013
0.005873181
0.004418025
0.003932298
0.001160462
0.001468389
0.001813335
0.0007625935
0.002094576
0.003617248
0.0006770732
0.00335687
0.006175017
0.0003778811
0.004630717
1.797764e-05
0
5.613942e-05
0.002671387
7.095798e-05
0.0005695928
0.000294383
0.0006074787
0.00162468
0.00105428
0.0006933797
0.00829435
0.008419114
0.0008234216
0.003079581
0.002736411
1.876481e-05
0.001375481
0.0008484454
0.004491847
0
0.00164927
0.0006027905
0.005556032
0.008004417
0.001972123
0.00291287
0.002074712
0.003514576
0.001361949
0.002430419
0.01027465
0.01444947
0.0005518726
0.004325705
0.001203357
0.001943611
0.0003662641
0.0007984019
0.0007615533
0.001637493
0.001166138
0.001606094
0.002470055
0.001531485
0.001417082
0.001376368
0.0001454421
0.002557557
0.006862583
0.004905749
0.00637269
0.003281835
0.002132119
0.0006017661
0.01007489
0.003903964
0.0004515842
0.002440138
0.0004982935
0.0003921987
0
4.351878e-05
0
1.58238e-05
0
0.003229268
0.0003217604
1.103632e-05
0.0004729935
0.0001901137
0.0003083122
0.0002209252
0.002311393
0.001745761
0.001890498
0.002201287
0
0.002680815
0.0001813198
0
0.003097599
0.00163686
5.387041e-05
0.0004064552
0.001727272
0.004080552
0.0004878954
0.00111677
0
0.002506512
0.0003400139
0.0001647168
1.071304e-05
0.0001622586
0
9.515387e-05
0.001947929
0.0004481975
0.001594916
0.001010209
0
0.0001420792
0.0009663033
6.430438e-05
0.0007937437
0.0009605395
0.0008291211
0.001740953
0.001049264
7.507439e-05
0.00226732
0.001423158
0.003912531
0.0004796778
0.0001396534
0.00019664
0.0004614547
0.001012107
0.0001408784
0.0003330572
0.0001696984
3.842587e-05
0
0.001671998
6.196308e-05
0.000643965
0
0.0009561909
0.0003300603
0.0005044945
0.003198561
3.63177e-05
0
0
0.001564476
0.001733027
0.0005008647
0.001925618
0.0009736894
0.0001210009
0.002379689
0.006194994
0
0.0006320587
0.0001480676
0.004187366
5.008428e-05
0.0001794953
0.000593611
0.0004856376
0.003771757
0.008143806
0.003330177
0.002460589
0.003419358
0.003544052
0.0001471487
0.0001185254
6.441038e-05
0.004948837
0.0005737365
0.001668301
0.00071392
2.944617e-05
0.002387975
0.006707277
0.0002186064
0
0
0.0002542795
0.007893421
0.0014253
0.0002976203
0.006157185
0.0001301945
0.0001513937
0.0008765851
0
0.0003377448
0.005438546
0.00147911
5.827812e-05
0.0004313892
0.004434011
0
0.0007925153
6.365904e-05
6.911406e-05
0.0008496977
7.5048e-05
0.002559778
0.00418961
0.0002976115
0.0003564531
4.531295e-05
0
0.002603113
0.000453319
0.002267898
0.0002769843
0
9.668987e-05
0.01197746
4.626686e-05
0.00224411
0.0001432214
0.0005134376
0.008077016
0.01050471
0.004999913
0.004079032
0.00627754
0.0003371133
0.001422327
0
0.002826015
0.0001955732
5.77037e-05
0.003835776
0.007449279
0.0004749144
0.003222641
0.00030763
0.0001765261
0.001163227
0.001785245
0.00486514
0.0006396064
0.0002168495
0
0.0008336506
0
0.001482758
0.001827782
0.0003589048
0.0002011239
0.004188562
0.003512668
0.001313736
4.417971e-05
0.002025805
0.000534963
0.006914657
0.003760899
0.001806849
0.0001560893
0
0.000206361
0
0.002904196
0.000624921
0.003312693
0.002849357
0.000167519
0.01025805
0.004495673
0.0009978109
0.001375345
0.001270291
0
0.0005674007
0.00181263
0.00041182
0.000252129
0.004621219
0
0
0.001288625
0.003590535
0
0.0006929215
0.000673152
0.004852112
0.003023693
0.004963569
0.003379959
0.000333941
0.001175885
0.0003478302
0.001583676
0.0007874405
0.006178543
0.0001471869
0
9.037221e-05
0.0002048532
0.002921893
0.002214058
0.0008280716
0.006532179
0.001056259
0.002174439
0.00390954
0.006184995
0.0008920603
0.003201808
0.0009726698
0.009836756
0.001479105
0.005315823
0.0001876212
7.40939e-05
0.002331991
0
0.001409867
0.0001667062
0.003593778
7.078077e-05
0.006040792
0.0007967812
0
0.00529654
0.001789411
0.000139579
6.264784e-05
0
0.0001505492
0.001608665
0.0005970205
0.001142372
0
0.002649082
0
0.004113011
0.0005654792
0.0009687198
0.00108798
0.001499519
0.006123137
0.0021403
0.0002381182
0
0.003265019
0.0005352777
0.007106369
0.006318896
0.002948298
0.003514119
0.001920431
0.0111772
0
0.0006020253
0.004468714
0.008006068
3.096695e-05
0.005332066
0.0005888743
0.00231091
0.0022703
9.605066e-05
0.00160152
0.003677775
0.003737369
0.0006695368
0.0001209599
0
0.0009061387
0.004167337
0.002295129
0.006101824
0.001446224
0.002403196
0.001412811
7.833373e-05
0.0001527726
0.0003026558
0.0001888185
0.0002961384
0.004003423
0.001203336
0.001490049
0.0005876604
0.001649379
0.0003972277
0.002362283
0.000427393
0.0002212589
0.001121551
0.0008832808
0.0006137286
0.000181748
0.001448725
0.0001373694
0.005525976
0.002706702
0.004442006
0.001962811
0.0009268658
0.0003961336
0.00595238
0.004230798
0.0005620091
0.001429066
0.00103236
0
0.002614696
0.006350642
2.73761e-05
0.0001325527
0.0001318546
0
0.001071078
0.0006001038
0.001426476
0.004177553
0.001385924
0.0002171713
0.001747205
0.003590426
0.002649119
0
0.0001216681
2.683013e-05
0.0001143698
0.003113738
0.001521101
0.003271607
0.0001125608
0.0002430398
0.001158889
0
0.0001531741
0.002820669
0.0006587809
0.001209819
0.000375592
0.0002848963
0.0009176275
0.002271083
0.001002623
0.000396416
0.0006166839
0.0006785156
0.001287291
0.001231914
0.0008739182
0
0.001036168
0.001028049
0.0002687734
0.0001852484
0.0002865476
0.00139453
0.0002804996
0
2.301865e-05
0.0003497909
0.001336395
0.00303942
0.0009488098
4.35941e-05
6.454377e-05
0.0008933519
0.0002069722
0
0.006209128
0.001522293
0
0.001684927
0.003253018
6.489006e-05
0.002347855
0.004714788
0.006172904
0.003484013
0.005873181
0.004418025
0.003932298
0.001160462
0.001468389
0.001813335
0.0007625935
0.002094576
0.003617248
0.0006770732
0.00335687
0.006175017
0.0003778811
0.004630717
1.797764e-05
0
5.613942e-05
0.002671387
7.095798e-05
0.0005695928
0.000294383
0.0006074787
0.00162468
0.00105428
0.0006933797
0.00829435
0.008419114
0.0008234216
0.003079581
0.002736411
1.876481e-05
0.001375481
0.0008484454
0.004491847
0
0.00164927
0.0006027905
0.005556032
0.008004417
0.001972123
0.00291287
0.002074712
0.003514576
0.001361949
0.002430419
0.01027465
0.01444947
0.0005518726
0.004325705
0.001203357
0.001943611
0.0003662641
0.0007984019
0.0007615533
0.001637493
0.001166138
0.001606094
0.002470055
0.001531485
0.001417082
0.001376368
0.0001454421
0.002557557
0.006862583
0.004905749
0.00637269
0.003281835
0.002132119
0.0006017661
0.01007489
0.003903964
0.0004515842
0.002440138
0.0004982935
0.0003921987
0
4.351878e-05
0
1.58238e-05
0
0.003229268
0.0003217604
1.103632e-05
0.0004729935
0.0001901137
0.0003083122
0.0002209252
0.002311393
0.001745761
0.001890498
0.002201287
0
0.002680815
0.0001813198
0
0.003097599
0.00163686
5.387041e-05
0.0004064552
0.001727272
0.004080552
0.0004878954
0.00111677
0
0.002506512
0.0003400139
0.0001647168
1.071304e-05
0.0001622586
0
9.515387e-05
0.001947929
0.0004481975
0.001594916
0.001010209
0
0.0001420792
0.0009663033
6.430438e-05
0.0007937437
0.0009605395
0.0008291211
0.001740953
0.001049264
7.507439e-05
0.00226732
0.001423158
0.003912531
0.0004796778
0.0001396534
0.00019664
0.0004614547
0.001012107
0.0001408784
0.0003330572
0.0001696984
3.842587e-05
0
0.001671998
6.196308e-05
0.000643965
0
0.0009561909
0.0003300603
0.0005044945
0.003198561
3.63177e-05
0
0
0.001564476
0.001733027
0.0005008647
0.001925618
0.0009736894
0.0001210009
0.002379689
0.006194994
0
0.0006320587
0.0001480676
0.004187366
5.008428e-05
0.0001794953
0.000593611
0.0004856376
0.003771757
0.008143806
0.003330177
0.002460589
0.003419358
0.003544052
0.0001471487
0.0001185254
6.441038e-05
0.004948837
0.0005737365
0.001668301
0.00071392
2.944617e-05
0.002387975
0.006707277
0.0002186064
0
0
0.0002542795
0.007893421
0.0014253
0.0002976203
0.006157185
0.0001301945
0.0001513937
0.0008765851
0
0.0003377448
0.005438546
0.00147911
5.827812e-05
0.0004313892
0.004434011
0
0.0007925153
6.365904e-05
6.911406e-05
0.0008496977
7.5048e-05
0.002559778
0.00418961
0.0002976115
0.0003564531
4.531295e-05
0
0.002603113
0.000453319
0.002267898
0.0002769843
0
9.668987e-05
0.01197746
4.626686e-05
0.00224411
0.0001432214
0.0005134376
0.008077016
0.01050471
0.004999913
0.004079032
0.00627754
0.0003371133
0.001422327
0
0.002826015
0.0001955732
5.77037e-05
0.003835776
0.007449279
0.0004749144
0.003222641
0.00030763
0.0001765261
0.001163227
0.001785245
0.00486514
0.0006396064
0.0002168495
0
0.0008336506
0
0.001482758
0.001827782
0.0003589048
0.0002011239
0.004188562
0.003512668
0.001313736
4.417971e-05
0.002025805
0.000534963
0.006914657
0.003760899
0.001806849
0.0001560893
0
0.000206361
0
0.002904196
0.000624921
0.003312693
0.002849357
0.000167519
0.01025805
0.004495673
0.0009978109
0.001375345
0.001270291
0
0.0005674007
0.00181263
0.00041182
0.000252129
0.004621219
0
0
0.001288625
0.003590535
0
0.0006929215
0.000673152
0.004852112
0.003023693
0.004963569
0.003379959
0.000333941
0.001175885
0.0003478302
0.001583676
0.0007874405
0.006178543
0.0001471869
0
9.037221e-05
0.0002048532
0.002921893
0.002214058
0.0008280716
0.006532179
0.001056259
0.002174439
0.00390954
0.006184995
0.0008920603
0.003201808
0.0009726698
0.009836756
0.001479105
0.005315823
0.0001876212
7.40939e-05
0.002331991
0
0.001409867
0.0001667062
0.003593778
7.078077e-05
0.006040792
0.0007967812
0
0.00529654
0.001789411
0.000139579
6.264784e-05
0
0.0001505492
0.001608665
0.0005970205
0.001142372
0
0.002649082
0
0.004113011
0.0005654792
0.0009687198
0.00108798
0.001499519
0.006123137
0.0021403
0.0002381182
0
0.003265019
0.0005352777
0.007106369
0.006318896
0.002948298
0.003514119
0.001920431
0.0111772
0
0.0006020253
0.004468714
0.008006068
3.096695e-05
0.005332066
0.0005888743
0.00231091
0.0022703
9.605066e-05
0.00160152
0.003677775
0.003737369
0.0006695368
0.0001209599
0
0.0009061387
0.004167337
0.002295129
0.006101824
0.001446224
0.002403196
0.001412811
7.833373e-05
0.0001527726
0.0003026558
0.0001888185
0.0002961384
0.004003423
0.001203336
0.001490049
0.0005876604
0.001649379
0.0003972277
0.002362283
0.000427393
0.0002212589
0.001121551
0.0008832808
0.0006137286
0.000181748
0.001448725
0.0001373694
0.005525976
0.002706702
0.004442006
0.001962811
0.0009268658
0.0003961336
0.00595238
0.004230798
0.0005620091
0.001429066
0.00103236
0
0.002614696
0.006350642
2.73761e-05
0.0001325527
0.0001318546
0
0.001071078
0.0006001038
0.001426476
0.004177553
0.001385924
0.0002171713
0.001747205
0.003590426
0.002649119
0
0.0001216681
2.683013e-05
0.0001143698
0.003113738
0.001521101
0.003271607
0.0001125608
0.0002430398
0.001158889
0
0.0001531741
0.002820669
0.0006587809
0.001209819
0.000375592
0.0002848963
0.0009176275
0.002271083
0.001002623
0.000396416
0.0006166839
0.0006785156
0.001287291
0.001231914
0.0008739182
0
0.001036168
0.001028049
0.0002687734
0.0001852484
0.0002865476
0.00139453
0.0002804996
0
2.301865e-05
0.0003497909
0.001336395
0.00303942
0.0009488098
4.35941e-05
6.454377e-05
0.0008933519
0.0002069722
0
0.006209128
0.001522293
0
0.001684927
0.003253018
6.489006e-05
0.002347855
0.004714788
0.006172904
0.003484013
0.005873181
0.004418025
0.003932298
0.001160462
0.001468389
0.001813335
0.0007625935
0.002094576
0.003617248
0.0006770732
0.00335687
0.006175017
0.0003778811
0.004630717
1.797764e-05
0
5.613942e-05
0.002671387
7.095798e-05
0.0005695928
0.000294383
0.0006074787
0.00162468
0.00105428
0.0006933797
0.00829435
0.008419114
0.0008234216
0.003079581
0.002736411
1.876481e-05
0.001375481
0.0008484454
0.004491847
0
0.00164927
0.0006027905
0.005556032
0.008004417
0.001972123
0.00291287
0.002074712
0.003514576
0.001361949
0.002430419
0.01027465
0.01444947
0.0005518726
0.004325705
0.001203357
0.001943611
0.0003662641
0.0007984019
0.0007615533
0.001637493
0.001166138
0.001606094
0.002470055
0.001531485
0.001417082
0.001376368
0.0001454421
0.002557557
0.006862583
0.004905749
0.00637269
0.003281835
0.002132119
0.0006017661
0.01007489
0.003903964
0.0004515842
0.002440138
0.0004982935
0.0003921987
0
4.351878e-05
0
1.58238e-05
0
0.003229268
0.0003217604
1.103632e-05
0.0004729935
0.0001901137
0.0003083122
0.0002209252
0.002311393
0.001745761
0.001890498
0.002201287
0
0.002680815
0.0001813198
0
0.003097599
0.00163686
5.387041e-05
0.0004064552
0.001727272
0.004080552
0.0004878954
0.00111677
0
0.002506512
0.0003400139
0.0001647168
1.071304e-05
0.0001622586
0
9.515387e-05
0.001947929
0.0004481975
0.001594916
0.001010209
0
0.0001420792
0.0009663033
6.430438e-05
0.0007937437
0.0009605395
0.0008291211
0.001740953
0.001049264
7.507439e-05
0.00226732
0.001423158
0.003912531
0.0004796778
0.0001396534
0.00019664
0.0004614547
0.001012107
0.0001408784
0.0003330572
0.0001696984
3.842587e-05
0
0.001671998
6.196308e-05
0.000643965
0
0.0009561909
0.0003300603
0.0005044945
0.003198561
3.63177e-05
0
0
0.001564476
0.001733027
0.0005008647
0.001925618
0.0009736894
0.0001210009
0.002379689
0.006194994
0
0.0006320587
0.0001480676
0.004187366
5.008428e-05
0.0001794953
0.000593611
0.0004856376
0.003771757
0.008143806
0.003330177
0.002460589
0.003419358
0.003544052
0.0001471487
0.0001185254
6.441038e-05
0.004948837
0.0005737365
0.001668301
0.00071392
2.944617e-05
0.002387975
0.006707277
0.0002186064
0
0
0.0002542795
0.007893421
0.0014253
0.0002976203
0.006157185
0.0001301945
0.0001513937
0.0008765851
0
0.0003377448
0.005438546
0.00147911
5.827812e-05
0.0004313892
0.004434011
0
0.0007925153
6.365904e-05
6.911406e-05
0.0008496977
7.5048e-05
0.002559778
0.00418961
0.0002976115
0.0003564531
4.531295e-05
0
0.002603113
0.000453319
0.002267898
0.0002769843
0
9.668987e-05
0.01197746
4.626686e-05
0.00224411
0.0001432214
0.0005134376
0.008077016
0.01050471
0.004999913
0.004079032
0.00627754
0.0003371133
0.001422327
0
0.002826015
0.0001955732
5.77037e-05
0.003835776
0.007449279
0.0004749144
0.003222641
0.00030763
0.0001765261
0.001163227
0.001785245
0.00486514
0.0006396064
0.0002168495
0
0.0008336506
0
0.001482758
0.001827782
0.0003589048
0.0002011239
0.004188562
0.003512668
0.001313736
4.417971e-05
0.002025805
0.000534963
0.006914657
0.003760899
0.001806849
0.0001560893
0
0.000206361
0
0.002904196
0.000624921
0.003312693
0.002849357
0.000167519
0.01025805
0.004495673
0.0009978109
0.001375345
0.001270291
0
0.0005674007
0.00181263
0.00041182
0.000252129
0.004621219
0
0
0.001288625
0.003590535
0
0.0006929215
0.000673152
0.004852112
0.003023693
0.004963569
0.003379959
0.000333941
0.001175885
0.0003478302
0.001583676
0.0007874405
0.006178543
0.0001471869
0
9.037221e-05
0.0002048532
0.002921893
0.002214058
0.0008280716
0.006532179
0.001056259
0.002174439
0.00390954
0.006184995
0.0008920603
0.003201808
0.0009726698
0.009836756
0.001479105
0.005315823
0.0001876212
7.40939e-05
0.002331991
0
0.001409867
0.0001667062
0.003593778
7.078077e-05
0.006040792
0.0007967812
0
0.00529654
0.001789411
0.000139579
6.264784e-05
0
0.0001505492
0.001608665
0.0005970205
0.001142372
0
0.002649082
0
0.004113011
0.0005654792
0.0009687198
0.00108798
0.001499519
0.006123137
0.0021403
0.0002381182
0
0.003265019
0.0005352777
0.007106369
0.006318896
0.002948298
0.003514119
0.001920431
0.0111772
0
0.0006020253
0.004468714
0.008006068
3.096695e-05
0.005332066
0.0005888743
0.00231091
0.0022703
9.605066e-05
0.00160152
0.003677775
0.003737369
0.0006695368
0.0001209599
0
0.0009061387
0.004167337
0.002295129
0.006101824
0.001446224
0.002403196
0.001412811
7.833373e-05
0.0001527726
0.0003026558
0.0001888185
0.0002961384
0.004003423
0.001203336
0.001490049
0.0005876604
0.001649379
0.0003972277
0.002362283
0.000427393
0.0002212589
0.001121551
0.0008832808
0.0006137286
0.000181748
0.001448725
0.0001373694
0.005525976
0.002706702
0.004442006
0.001962811
0.0009268658
0.0003961336
0.00595238
0.004230798
0.0005620091
0.001429066
0.00103236
0
0.002614696
0.006350642
2.73761e-05
0.0001325527
0.0001318546
0
0.001071078
0.0006001038
0.001426476
0.004177553
0.001385924
0.0002171713
0.001747205
0.003590426
0.002649119
0
0.0001216681
2.683013e-05
0.0001143698
0.003113738
0.001521101
0.003271607
0.0001125608
0.0002430398
0.001158889
0
0.0001531741
0.002820669
0.0006587809
0.001209819
0.000375592
0.0002848963
0.0009176275
0.002271083
0.001002623
0.000396416
0.0006166839
0.0006785156
0.001287291
0.001231914
0.0008739182
0
0.001036168
0.001028049
0.0002687734
0.0001852484
0.0002865476
0.00139453
0.0002804996
0
2.301865e-05
0.0003497909
0.001336395
0.00303942
0.0009488098
4.35941e-05
6.454377e-05
0.0008933519
0.0002069722
0
0.006209128
0.001522293
0
0.001684927
0.003253018
6.489006e-05
0.002347855
0.004714788
0.006172904
0.003484013
0.005873181
0.004418025
0.003932298
0.001160462
0.001468389
0.001813335
0.0007625935
0.002094576
0.003617248
0.0006770732
0.00335687
0.006175017
0.0003778811
0.004630717
1.797764e-05
0
5.613942e-05
0.002671387
7.095798e-05
0.0005695928
0.000294383
0.0006074787
0.00162468
0.00105428
0.0006933797
0.00829435
0.008419114
0.0008234216
0.003079581
0.002736411
1.876481e-05
0.001375481
0.0008484454
0.004491847
0
0.00164927
0.0006027905
0.005556032
0.008004417
0.001972123
0.00291287
0.002074712
0.003514576
0.001361949
0.002430419
0.01027465
0.01444947
0.0005518726
0.004325705
0.001203357
0.001943611
0.0003662641
0.0007984019
0.0007615533
0.001637493
0.001166138
0.001606094
0.002470055
0.001531485
0.001417082
0.001376368
0.0001454421
0.002557557
0.006862583
0.004905749
0.00637269
0.003281835
0.002132119
0.0006017661
0.01007489
0.003903964
0.0004515842
0.002440138
0.0004982935
0.0003921987
0
4.351878e-05
0
1.58238e-05
0
0.003229268
0.0003217604
1.103632e-05
0.0004729935
0.0001901137
0.0003083122
0.0002209252
0.002311393
0.001745761
0.001890498
0.002201287
0
0.002680815
0.0001813198
0
0.003097599
0.00163686
5.387041e-05
0.0004064552
0.001727272
0.004080552
0.0004878954
0.00111677
0
0.002506512
0.0003400139
0.0001647168
1.071304e-05
0.0001622586
0
9.515387e-05
0.001947929
0.0004481975
0.001594916
0.001010209
0
0.0001420792
0.0009663033
6.430438e-05
0.0007937437
0.0009605395
0.0008291211
0.001740953
0.001049264
7.507439e-05
0.00226732
0.001423158
0.003912531
0.0004796778
0.0001396534
0.00019664
0.0004614547
0.001012107
0.0001408784
0.0003330572
0.0001696984
3.842587e-05
0
0.001671998
6.196308e-05
0.000643965
0
0.0009561909
0.0003300603
0.0005044945
0.003198561
3.63177e-05
0
0
0.001564476
0.001733027
0.0005008647
0.001925618
0.0009736894
0.0001210009
0.002379689
0.006194994
0
0.0006320587
0.0001480676
0.004187366
5.008428e-05
0.0001794953
0.000593611
0.0004856376
0.003771757
0.008143806
0.003330177
0.002460589
0.003419358
0.003544052
0.0001471487
0.0001185254
6.441038e-05
0.004948837
0.0005737365
0.001668301
0.00071392
2.944617e-05
0.002387975
0.006707277
0.0002186064
0
0
0.0002542795
0.007893421
0.0014253
0.0002976203
0.006157185
0.0001301945
0.0001513937
0.0008765851
0
0.0003377448
0.005438546
0.00147911
5.827812e-05
0.0004313892
0.004434011
0
0.0007925153
6.365904e-05
6.911406e-05
0.0008496977
7.5048e-05
0.002559778
0.00418961
0.0002976115
0.0003564531
4.531295e-05
0
0.002603113
0.000453319
0.002267898
0.0002769843
0
9.668987e-05
0.01197746
4.626686e-05
0.00224411
0.0001432214
0.0005134376
0.008077016
0.01050471
0.004999913
0.004079032
0.00627754
0.0003371133
0.001422327
0
0.002826015
0.0001955732
5.77037e-05
0.003835776
0.007449279
0.0004749144
0.003222641
0.00030763
0.0001765261
0.001163227
0.001785245
0.00486514
0.0006396064
0.0002168495
0
0.0008336506
0
0.001482758
0.001827782
0.0003589048
0.0002011239
0.004188562
0.003512668
0.001313736
4.417971e-05
0.002025805
0.000534963
0.006914657
0.003760899
0.001806849
0.0001560893
0
0.000206361
0
0.002904196
0.000624921
0.003312693
0.002849357
0.000167519
0.01025805
0.004495673
0.0009978109
0.001375345
0.001270291
0
0.0005674007
0.00181263
0.00041182
0.000252129
0.004621219
0
0
0.001288625
0.003590535
0
0.0006929215
0.000673152
0.004852112
0.003023693
0.004963569
0.003379959
0.000333941
0.001175885
0.0003478302
0.001583676
0.0007874405
0.006178543
0.0001471869
0
9.037221e-05
0.0002048532
0.002921893
0.002214058
0.0008280716
0.006532179
0.001056259
0.002174439
0.00390954
0.006184995
0.0008920603
0.003201808
0.0009726698
0.009836756
0.001479105
0.005315823
0.0001876212
7.40939e-05
0.002331991
0
0.001409867
0.0001667062
0.003593778
7.078077e-05
0.006040792
0.0007967812
0
0.00529654
0.001789411
0.000139579
6.264784e-05
0
0.0001505492
0.001608665
0.0005970205
0.001142372
0
0.002649082
0
0.004113011
0.0005654792
0.0009687198
0.00108798
0.001499519
0.006123137
0.0021403
0.0002381182
0
0.003265019
0.0005352777
0.007106369
0.006318896
0.002948298
0.003514119
0.001920431
0.0111772
0
0.0006020253
0.004468714
0.008006068
3.096695e-05
0.005332066
0.0005888743
0.00231091
0.0022703
9.605066e-05
0.00160152
0.003677775
0.003737369
0.0006695368
0.0001209599
0
0.0009061387
0.004167337
0.002295129
0.006101824
0.001446224
0.002403196
0.001412811
7.833373e-05
0.0001527726
0.0003026558
0.0001888185
0.0002961384
0.004003423
0.001203336
0.001490049
0.0005876604
0.001649379
0.0003972277
0.002362283
0.000427393
0.0002212589
0.001121551
0.0008832808
0.0006137286
0.000181748
0.001448725
0.0001373694
0.005525976
0.002706702
0.004442006
0.001962811
0.0009268658
0.0003961336
0.00595238
0.004230798
0.0005620091
0.001429066
0.00103236
0
0.002614696
0.006350642
2.73761e-05
0.0001325527
0.0001318546
0
0.001071078
0.0006001038
0.001426476
0.004177553
0.001385924
0.0002171713
0.001747205
0.003590426
0.002649119
0
0.0001216681
2.683013e-05
0.0001143698
0.003113738
0.001521101
0.003271607
0.0001125608
0.0002430398
0.001158889
0
0.0001531741
0.002820669
0.0006587809
0.001209819
0.000375592
0.0002848963
0.0009176275
0.002271083
0.001002623
0.000396416
0.0006166839
0.0006785156
0.001287291
0.001231914
0.0008739182
0
0.001036168
0.001028049
0.0002687734
0.0001852484
0.0002865476
0.00139453
0.0002804996
0
2.301865e-05
0.0003497909
0.001336395
0.00303942
0.0009488098
4.35941e-05
6.454377e-05
0.0008933519
0.0002069722
0
0.006209128
0.001522293
0
0.001684927
0.003253018
6.489006e-05
0.002347855
0.004714788
0.006172904
0.003484013
0.005873181
0.004418025
0.003932298
0.001160462
0.001468389
0.001813335
0.0007625935
0.002094576
0.003617248
0.0006770732
0.00335687
0.006175017
0.0003778811
0.004630717
1.797764e-05
0
5.613942e-05
0.002671387
7.095798e-05
0.0005695928
0.000294383
0.0006074787
0.00162468
0.00105428
0.0006933797
0.00829435
0.008419114
0.0008234216
0.003079581
0.002736411
1.876481e-05
0.001375481
0.0008484454
0.004491847
0
0.00164927
0.0006027905
0.005556032
0.008004417
0.001972123
0.00291287
0.002074712
0.003514576
0.001361949
0.002430419
0.01027465
0.01444947
0.0005518726
0.004325705
0.001203357
0.001943611
0.0003662641
0.0007984019
0.0007615533
0.001637493
0.001166138
0.001606094
0.002470055
0.001531485
0.001417082
0.001376368
0.0001454421
0.002557557
0.006862583
0.004905749
0.00637269
0.003281835
0.002132119
0.0006017661
0.01007489
0.003903964
0.0004515842
0.002440138
0.0004982935
0.0003921987
0
4.351878e-05
0
1.58238e-05
0
0.003229268
0.0003217604
1.103632e-05
0.0004729935
0.0001901137
0.0003083122
0.0002209252
0.002311393
0.001745761
0.001890498
0.002201287
0
0.002680815
0.0001813198
0
0.003097599
0.00163686
5.387041e-05
0.0004064552
0.001727272
0.004080552
0.0004878954
0.00111677
0
0.002506512
0.0003400139
0.0001647168
1.071304e-05
0.0001622586
0
9.515387e-05
0.001947929
0.0004481975
0.001594916
0.001010209
0
0.0001420792
0.0009663033
6.430438e-05
0.0007937437
0.0009605395
0.0008291211
0.001740953
0.001049264
7.507439e-05
0.00226732
0.001423158
0.003912531
0.0004796778
0.0001396534
0.00019664
0.0004614547
0.001012107
0.0001408784
0.0003330572
0.0001696984
3.842587e-05
0
0.001671998
6.196308e-05
0.000643965
0
0.0009561909
0.0003300603
0.0005044945
0.003198561
3.63177e-05
0
0
0.001564476
0.001733027
0.0005008647
0.001925618
0.0009736894
0.0001210009
0.002379689
0.006194994
0
0.0006320587
0.0001480676
0.004187366
5.008428e-05
0.0001794953
0.000593611
0.0004856376
0.003771757
0.008143806
0.003330177
0.002460589
0.003419358
0.003544052
0.0001471487
0.0001185254
6.441038e-05
0.004948837
0.0005737365
0.001668301
0.00071392
2.944617e-05
0.002387975
0.006707277
0.0002186064
0
0
0.0002542795
0.007893421
0.0014253
0.0002976203
0.006157185
0.0001301945
0.0001513937
0.0008765851
0
0.0003377448
0.005438546
0.00147911
5.827812e-05
0.0004313892
0.004434011
0
0.0007925153
6.365904e-05
6.911406e-05
0.0008496977
7.5048e-05
0.002559778
0.00418961
0.0002976115
0.0003564531
4.531295e-05
0
0.002603113
0.000453319
0.002267898
0.0002769843
0
9.668987e-05
0.01197746
4.626686e-05
0.00224411
0.0001432214
0.0005134376
0.008077016
0.01050471
0.004999913
0.004079032
0.00627754
0.0003371133
0.001422327
0
0.002826015
0.0001955732
5.77037e-05
0.003835776
0.007449279
0.0004749144
0.003222641
0.00030763
0.0001765261
0.001163227
0.001785245
0.00486514
0.0006396064
0.0002168495
0
0.0008336506
0
0.001482758
0.001827782
0.0003589048
0.0002011239
0.004188562
0.003512668
0.001313736
4.417971e-05
0.002025805
0.000534963
0.006914657
0.003760899
0.001806849
0.0001560893
0
0.000206361
0
0.002904196
0.000624921
0.003312693
0.002849357
0.000167519
0.01025805
0.004495673
0.0009978109
0.001375345
0.001270291
0
0.0005674007
0.00181263
0.00041182
0.000252129
0.004621219
0
0
0.001288625
0.003590535
0
0.0006929215
0.000673152
0.004852112
0.003023693
0.004963569
0.003379959
0.000333941
0.001175885
0.0003478302
0.001583676
0.0007874405
0.006178543
0.0001471869
0
9.037221e-05
0.0002048532
0.002921893
0.002214058
0.0008280716
0.006532179
0.001056259
0.002174439
0.00390954
0.006184995
0.0008920603
0.003201808
0.0009726698
0.009836756
0.001479105
0.005315823
0.0001876212
7.40939e-05
0.002331991
0
0.001409867
0.0001667062
0.003593778
7.078077e-05
0.006040792
0.0007967812
0
0.00529654
0.001789411
0.000139579
6.264784e-05
0
0.0001505492
0.001608665
0
1.668338e-05
0
0
0.0006903969
0.002074745
0.0004390319
0.00427044
0.001190087
0.003117069
0.002483072
0.0005245229
0.003517335
0.0007761909
0.009142258
0.005775728
0.002183203
0.0001377028
0.0007756885
0.0007367394
0.001358819
0.005277558
0.0007287827
0.0006097465
0.0008393171
0.00011231
0.0001465388
0.006134759
0.0001822937
0.01065551
0.002760405
0.007743576
0
0.006672453
0.0008404098
0.001368293
7.789865e-05
2.777965e-06
0.003812674
0.001968857
0.0005119067
0.003985096
0
0.001602331
0.004195829
0.002895506
0.001852845
0.0009739324
0.0003749466
0.0002007791
0.0009050555
0.001417432
0.001096304
0.0007125302
0.0003498791
0.001122582
0.0008008336
0.003236583
1.785643e-05
0.002170024
0
0.001442101
0.001161043
0.0001904383
0.00147094
0.0005648418
0.001808854
0.002421618
0.001649226
0.01026282
0.001370434
0.008019918
